#Layer_Color=16711935
#
#Feature symbol names
#
$0 r3.937
$1 rect51.1812x16.4646
$2 rect114.9606x24.3582

#
#Feature attribute names
#

#
#Layer features
#
A 0.2814961 0.1968504 0.2814961 0.1968504 0.1968504 0.1968504 0 P 0 N
A 0.2814961 3.2283465 0.2814961 3.2283465 0.1968504 3.2283465 0 P 0 N
A 0.6299214 0.7283465 0.6299214 0.7283465 0.433071 0.7283465 0 P 0 N
A 0.7515748 1.2598425 0.7515748 1.2598425 0.6889764 1.2598425 0 P 0 N
A 0.7515748 1.4569399 0.7515748 1.4569399 0.6889764 1.4569399 0 P 0 N
A 0.85 0.2362205 0.85 0.2362205 0.7874016 0.2362205 0 P 0 N
A 1.0196851 2.992126 1.0196851 2.992126 0.984252 2.992126 0 P 0 N
A 1.03937 1.9126485 1.03937 1.9126485 1.019685 1.9126485 0 P 0 N
A 1.4242125 2.7234251 1.4242125 2.7234251 1.4045275 2.7234251 0 P 0 N
A 1.4763779 1.2832683 1.4763779 1.2832683 1.2795275 1.2832683 0 P 0 N
A 1.5980314 1.8110236 1.5980314 1.8110236 1.535433 1.8110236 0 P 0 N
A 1.8401945 2.9271652 1.8401945 2.9271652 1.8205095 2.9271652 0 P 0 N
A 1.9354701 2.6020826 1.9354701 2.6020826 1.8728717 2.6020826 0 P 0 N
A 1.9488189 1.2854384 1.9488189 1.2854384 1.7519685 1.2854384 0 P 0 N
A 2.1793306 1.2809556 2.1793306 1.2809556 2.1596456 1.2809556 0 P 0 N
A 2.3013779 1.0988689 2.3013779 1.0988689 2.2816929 1.0988689 0 P 0 N
A 2.4248031 0.2362205 2.4248031 0.2362205 2.3622047 0.2362205 0 P 0 N
A 2.5063408 2.3188975 2.5063408 2.3188975 2.4437424 2.3188975 0 P 0 N
A 2.6417322 1.8230816 2.6417322 1.8230816 2.6220472 1.8230816 0 P 0 N
A 2.7594488 3.2677165 2.7594488 3.2677165 2.6968504 3.2677165 0 P 0 N
A 2.7624015 2.7559052 2.7624015 2.7559052 2.6998031 2.7559052 0 P 0 N
A 2.9090551 2.2834646 2.9090551 2.2834646 2.8464567 2.2834646 0 P 0 N
A 3.1728346 0.2362205 3.1728346 0.2362205 3.1102362 0.2362205 0 P 0 N
A 3.5665354 2.1161417 3.5665354 2.1161417 3.503937 2.1161417 0 P 0 N
A 3.9996063 0.2362205 3.9996063 0.2362205 3.9370079 0.2362205 0 P 0 N
A 4.6909449 0.1968504 4.6909449 0.1968504 4.6062992 0.1968504 0 P 0 N
A 4.6909449 3.2283465 4.6909449 3.2283465 4.6062992 3.2283465 0 P 0 N
L 0.2007874 1.1279527 0.2007874 1.3917322 0 P 0
L 0.2007874 1.1279527 0.4448819 1.1279527 0 P 0
L 0.2007874 1.3917322 0.4448819 1.3917322 0 P 0
L 0.3385828 0.9665354 0.3385828 1.1003937 0 P 0
L 0.3385828 0.9665354 0.5275591 0.9665354 0 P 0
L 0.3385828 1.1003937 0.5275591 1.1003937 0 P 0
L 0.3858269 1.4202755 0.3858269 1.4911416 0 P 0
L 0.3858269 1.4202755 0.5196851 1.4202755 0 P 0
L 0.3858269 1.4911416 0.5196851 1.4911416 0 P 0
L 0.4448819 1.1279527 0.4448819 1.3917322 0 P 0
L 0.5196851 1.4202755 0.5196851 1.4911416 0 P 0
L 0.5275591 0.9665354 0.5275591 1.1003937 0 P 0
L 0.6427165 1.7175196 0.6427165 1.7864173 0 P 0
L 0.6427165 1.7175196 0.7746063 1.7175196 0 P 0
L 0.6427165 1.7864173 0.7746063 1.7864173 0 P 0
L 0.6692913 1.6486204 0.6692913 1.697833 0 P 0
L 0.6692913 1.6486204 0.7480315 1.6486204 0 P 0
L 0.6692913 1.697833 0.7480315 1.697833 0 P 0
L 0.6811023 1.648622 0.6811023 1.6978346 0 P 0
L 0.7362205 1.648622 0.7362205 1.6978346 0 P 0
L 0.7480315 1.6486204 0.7480315 1.697833 0 P 0
L 0.7726378 3.2017716 0.7726378 3.3336614 0 P 0
L 0.7726378 3.2017716 0.8415355 3.2017716 0 P 0
L 0.7726378 3.3336614 0.8415355 3.3336614 0 P 0
L 0.7746063 1.7175196 0.7746063 1.7864173 0 P 0
L 0.8415355 3.2017716 0.8415355 3.3336614 0 P 0
L 0.8425197 2.53937 0.8425197 2.7362204 0 P 0
L 0.8425197 2.53937 0.9685039 2.53937 0 P 0
L 0.8425197 2.7362204 0.9685039 2.7362204 0 P 0
L 0.8838582 2.7637796 0.8838582 2.7874016 0 P 0
L 0.8838582 2.7637796 0.9271653 2.7637796 0 P 0
L 0.8838582 2.7874016 0.9271653 2.7874016 0 P 0
L 0.8838583 2.488189 0.8838583 2.511811 0 P 0
L 0.8838583 2.488189 0.9271654 2.488189 0 P 0
L 0.8838583 2.511811 0.9271654 2.511811 0 P 0
L 0.889764 3.2007873 0.889764 3.3346456 0 P 0
L 0.889764 3.2007873 0.9606301 3.2007873 0 P 0
L 0.889764 3.3346456 0.9606301 3.3346456 0 P 0
L 0.9251969 2.9133858 0.9251969 3.0708662 0 P 0
L 0.9251969 2.9133858 1.0433071 2.9133858 0 P 0
L 0.9251969 3.0708662 1.0433071 3.0708662 0 P 0
L 0.9271653 2.7637796 0.9271653 2.7874016 0 P 0
L 0.9271654 2.488189 0.9271654 2.511811 0 P 0
L 0.9606301 3.2007873 0.9606301 3.3346456 0 P 0
L 0.9685039 2.53937 0.9685039 2.7362204 0 P 0
L 0.9842519 1.7512312 0.9842519 1.9480816 0 P 0
L 0.9842519 1.7512312 1.1417322 1.7512312 0 P 0
L 0.9842519 1.9480816 1.1417322 1.9480816 0 P 0
L 0.9891732 3.2017716 0.9891732 3.3336614 0 P 0
L 0.9891732 3.2017716 1.0580709 3.2017716 0 P 0
L 0.9891732 3.3336614 1.0580709 3.3336614 0 P 0
L 1.0344489 2.672244 1.0344489 2.7411417 0 P 0
L 1.0344489 2.672244 1.0718505 2.672244 0 P 0
L 1.0344489 2.7411417 1.0718505 2.7411417 0 P 0
L 1.0433071 2.9133858 1.0433071 3.0708662 0 P 0
L 1.0580709 3.2017716 1.0580709 3.3336614 0 P 0
L 1.0718505 2.672244 1.0718505 2.7411417 0 P 0
L 1.1417322 1.7512312 1.1417322 1.9480816 0 P 0
L 1.1456693 2.2322834 1.1456693 2.2952756 0 P 0
L 1.1456693 2.2322834 1.1771653 2.2322834 0 P 0
L 1.1456693 2.2952756 1.1771653 2.2952756 0 P 0
L 1.1584645 2.4773621 1.1584645 2.7588582 0 P 0
L 1.1584645 2.4773621 1.4399606 2.4773621 0 P 0
L 1.1584645 2.7588582 1.4399606 2.7588582 0 P 0
L 1.1771653 2.2322834 1.1771653 2.2952756 0 P 0
L 1.1788386 3.246063 1.1788386 3.4673228 0 P 0
L 1.1788386 3.246063 1.495374 3.246063 0 P 0
L 1.1788386 3.4673228 1.495374 3.4673228 0 P 0
L 1.1839567 2.8173229 1.1839567 2.888189 0 P 0
L 1.1839567 2.8173229 1.3178149 2.8173229 0 P 0
L 1.1839567 2.888189 1.3178149 2.888189 0 P 0
L 1.2047244 2.1988189 1.2047244 2.3326771 0 P 0
L 1.2047244 2.1988189 1.2755905 2.1988189 0 P 0
L 1.2047244 2.3326771 1.2755905 2.3326771 0 P 0
L 1.2244094 1.7047244 1.2244094 1.8385826 0 P 0
L 1.2244094 1.7047244 1.2952755 1.7047244 0 P 0
L 1.2244094 1.8385826 1.2952755 1.8385826 0 P 0
L 1.2755905 2.1988189 1.2755905 2.3326771 0 P 0
L 1.2854331 3.0216535 1.2854331 3.1003937 0 P 0
L 1.2854331 3.0216535 1.3720473 3.0216535 0 P 0
L 1.2854331 3.1003937 1.3720473 3.1003937 0 P 0
L 1.2952755 1.7047244 1.2952755 1.8385826 0 P 0
L 1.3100393 2.1998031 1.3100393 2.3316929 0 P 0
L 1.3100393 2.1998031 1.378937 2.1998031 0 P 0
L 1.3100393 2.3316929 1.378937 2.3316929 0 P 0
L 1.3178149 2.8173229 1.3178149 2.888189 0 P 0
L 1.3179134 2.9222441 1.3179134 2.9635827 0 P 0
L 1.3179134 2.9222441 1.3395669 2.9222441 0 P 0
L 1.3179134 2.9635827 1.3395669 2.9635827 0 P 0
L 1.3395669 2.9222441 1.3395669 2.9635827 0 P 0
L 1.3572835 2.9222441 1.3572835 2.9635827 0 P 0
L 1.3572835 2.9222441 1.378937 2.9222441 0 P 0
L 1.3572835 2.9635827 1.378937 2.9635827 0 P 0
L 1.3720473 3.0216535 1.3720473 3.1003937 0 P 0
L 1.378937 2.1998031 1.378937 2.3316929 0 P 0
L 1.378937 2.9222441 1.378937 2.9635827 0 P 0
L 1.3828739 2.8159448 1.3828739 2.8533464 0 P 0
L 1.3828739 2.8159448 1.4517716 2.8159448 0 P 0
L 1.3828739 2.8533464 1.4517716 2.8533464 0 P 0
L 1.4212597 2.1988189 1.4212597 2.3326772 0 P 0
L 1.4212597 2.1988189 1.4921258 2.1988189 0 P 0
L 1.4212597 2.3326772 1.4921258 2.3326772 0 P 0
L 1.4399606 2.4773621 1.4399606 2.7588582 0 P 0
L 1.4466731 3.1072835 1.4466731 3.1761812 0 P 0
L 1.4466731 3.1072835 1.4840747 3.1072835 0 P 0
L 1.4466731 3.1761812 1.4840747 3.1761812 0 P 0
L 1.4498031 2.367126 1.4498031 2.4360237 0 P 0
L 1.4498031 2.367126 1.5816929 2.367126 0 P 0
L 1.4498031 2.4360237 1.5816929 2.4360237 0 P 0
L 1.4517716 2.8159448 1.4517716 2.8533464 0 P 0
L 1.4840747 3.1072835 1.4840747 3.1761812 0 P 0
L 1.4921258 2.1988189 1.4921258 2.3326772 0 P 0
L 1.495374 3.246063 1.495374 3.4673228 0 P 0
L 1.507874 2.7007872 1.507874 2.7716533 0 P 0
L 1.507874 2.7007872 1.6417322 2.7007872 0 P 0
L 1.507874 2.7716533 1.6417322 2.7716533 0 P 0
L 1.5167322 2.4557087 1.5167322 2.5246064 0 P 0
L 1.5167322 2.4557087 1.5541338 2.4557087 0 P 0
L 1.5167322 2.5246064 1.5541338 2.5246064 0 P 0
L 1.5403543 2.1998032 1.5403543 2.331693 0 P 0
L 1.5403543 2.1998032 1.609252 2.1998032 0 P 0
L 1.5403543 2.331693 1.609252 2.331693 0 P 0
L 1.543307 2.7992126 1.543307 2.8307086 0 P 0
L 1.543307 2.7992126 1.6062992 2.7992126 0 P 0
L 1.543307 2.8307086 1.6062992 2.8307086 0 P 0
L 1.5541338 2.4557087 1.5541338 2.5246064 0 P 0
L 1.5816929 2.367126 1.5816929 2.4360237 0 P 0
L 1.6062992 2.7992126 1.6062992 2.8307086 0 P 0
L 1.609252 2.1998032 1.609252 2.331693 0 P 0
L 1.6417322 2.7007872 1.6417322 2.7716533 0 P 0
L 1.6574805 2.1988188 1.6574805 2.3326771 0 P 0
L 1.6574805 2.1988188 1.7283466 2.1988188 0 P 0
L 1.6574805 2.3326771 1.7283466 2.3326771 0 P 0
L 1.7283466 2.1988188 1.7283466 2.3326771 0 P 0
L 1.7850764 2.8917321 1.7850764 3.1712597 0 P 0
L 1.7850764 2.8917321 2.560667 2.8917321 0 P 0
L 1.7850764 3.1712597 2.560667 3.1712597 0 P 0
L 1.9311023 2.7017716 1.9311023 2.7706693 0 P 0
L 1.9311023 2.7017716 2.0629921 2.7017716 0 P 0
L 1.9311023 2.7706693 2.0629921 2.7706693 0 P 0
L 1.9714566 1.8929634 1.9714566 1.9618611 0 P 0
L 1.9714566 1.8929634 2.1033464 1.8929634 0 P 0
L 1.9714566 1.9618611 2.1033464 1.9618611 0 P 0
L 1.9903543 1.0683571 1.9903543 1.3163886 0 P 0
L 1.9903543 1.0683571 2.1950787 1.0683571 0 P 0
L 1.9903543 1.3163886 2.1950787 1.3163886 0 P 0
L 2.0413385 1.7069399 2.0413385 1.7541839 0 P 0
L 2.0413385 1.7069399 2.0728345 1.7069399 0 P 0
L 2.0413385 1.7541839 2.0728345 1.7541839 0 P 0
L 2.0629921 2.7017716 2.0629921 2.7706693 0 P 0
L 2.0728345 1.7069399 2.0728345 1.7541839 0 P 0
L 2.1033464 1.8929634 2.1033464 1.9618611 0 P 0
L 2.1175196 1.59816 2.1175196 1.6670577 0 P 0
L 2.1175196 1.59816 2.2494094 1.59816 0 P 0
L 2.1175196 1.6670577 2.2494094 1.6670577 0 P 0
L 2.1180097 1.3998531 2.1180097 1.4707192 0 P 0
L 2.1180097 1.3998531 2.2518679 1.3998531 0 P 0
L 2.1180097 1.4707192 2.2518679 1.4707192 0 P 0
L 2.1190944 1.4997348 2.1190944 1.5686325 0 P 0
L 2.1190944 1.4997348 2.2509842 1.4997348 0 P 0
L 2.1190944 1.5686325 2.2509842 1.5686325 0 P 0
L 2.1190944 1.6965851 2.1190944 1.7654828 0 P 0
L 2.1190944 1.6965851 2.2509842 1.6965851 0 P 0
L 2.1190944 1.7654828 2.2509842 1.7654828 0 P 0
L 2.1196351 1.7935539 2.1196351 1.86442 0 P 0
L 2.1196351 1.7935539 2.2534933 1.7935539 0 P 0
L 2.1196351 1.86442 2.2534933 1.86442 0 P 0
L 2.1322706 1.937008 2.1322706 2.1181103 0 P 0
L 2.1322706 1.937008 2.2472312 1.937008 0 P 0
L 2.1322706 2.1181103 2.2472312 2.1181103 0 P 0
L 2.1754308 2.3671259 2.1754308 2.4360236 0 P 0
L 2.1754308 2.3671259 2.3073206 2.3671259 0 P 0
L 2.1754308 2.4360236 2.3073206 2.4360236 0 P 0
L 2.1754308 2.4458659 2.1754308 2.5147636 0 P 0
L 2.1754308 2.4458659 2.3073206 2.4458659 0 P 0
L 2.1754308 2.5147636 2.3073206 2.5147636 0 P 0
L 2.1764151 2.7007871 2.1764151 2.7716532 0 P 0
L 2.1764151 2.7007871 2.3102734 2.7007871 0 P 0
L 2.1764151 2.7716532 2.3102734 2.7716532 0 P 0
L 2.178756 2.5984251 2.178756 2.6673228 0 P 0
L 2.178756 2.5984251 2.3106458 2.5984251 0 P 0
L 2.178756 2.6673228 2.3106458 2.6673228 0 P 0
L 2.1950787 1.0683571 2.1950787 1.3163886 0 P 0
L 2.2135828 2.1801181 2.2135828 2.2490158 0 P 0
L 2.2135828 2.1801181 2.3454726 2.1801181 0 P 0
L 2.2135828 2.2490158 2.3454726 2.2490158 0 P 0
L 2.2462598 1.0634359 2.2462598 1.3114674 0 P 0
L 2.2462598 1.0634359 2.4509842 1.0634359 0 P 0
L 2.2462598 1.3114674 2.4509842 1.3114674 0 P 0
L 2.2472312 1.937008 2.2472312 2.1181103 0 P 0
L 2.2494094 1.59816 2.2494094 1.6670577 0 P 0
L 2.2509842 1.4997348 2.2509842 1.5686325 0 P 0
L 2.2509842 1.6965851 2.2509842 1.7654828 0 P 0
L 2.2518679 1.3998531 2.2518679 1.4707192 0 P 0
L 2.2534933 1.7935539 2.2534933 1.86442 0 P 0
L 2.3040353 1.8929635 2.3040353 1.9598927 0 P 0
L 2.3040353 1.8929635 2.3552165 1.8929635 0 P 0
L 2.3040353 1.9598927 2.3552165 1.9598927 0 P 0
L 2.3073206 2.3671259 2.3073206 2.4360236 0 P 0
L 2.3073206 2.4458659 2.3073206 2.5147636 0 P 0
L 2.3102734 2.7007871 2.3102734 2.7716532 0 P 0
L 2.3106458 2.5984251 2.3106458 2.6673228 0 P 0
L 2.3196478 2.0317431 2.3196478 2.1026092 0 P 0
L 2.3196478 2.0317431 2.453506 2.0317431 0 P 0
L 2.3196478 2.1026092 2.453506 2.1026092 0 P 0
L 2.3454726 2.1801181 2.3454726 2.2490158 0 P 0
L 2.3552165 1.8929635 2.3552165 1.9598927 0 P 0
L 2.3553149 3.2332677 2.3553149 3.3021654 0 P 0
L 2.3553149 3.2332677 2.4872047 3.2332677 0 P 0
L 2.3553149 3.3021654 2.4872047 3.3021654 0 P 0
L 2.3553149 3.3120078 2.3553149 3.3809055 0 P 0
L 2.3553149 3.3120078 2.4872047 3.3120078 0 P 0
L 2.3553149 3.3809055 2.4872047 3.3809055 0 P 0
L 2.3749999 2.5167322 2.3749999 2.5856299 0 P 0
L 2.3749999 2.5167322 2.5068897 2.5167322 0 P 0
L 2.3749999 2.5856299 2.5068897 2.5856299 0 P 0
L 2.3749999 2.6033463 2.3749999 2.672244 0 P 0
L 2.3749999 2.6033463 2.5068897 2.6033463 0 P 0
L 2.3749999 2.672244 2.5068897 2.672244 0 P 0
L 2.3768131 2.4232281 2.3768131 2.4940942 0 P 0
L 2.3768131 2.4232281 2.5106714 2.4232281 0 P 0
L 2.3768131 2.4940942 2.5106714 2.4940942 0 P 0
L 2.4509842 1.0634359 2.4509842 1.3114674 0 P 0
L 2.453506 2.0317431 2.453506 2.1026092 0 P 0
L 2.4803149 1.7876485 2.4803149 1.9884359 0 P 0
L 2.4803149 1.7876485 2.6574803 1.7876485 0 P 0
L 2.4803149 1.9884359 2.6574803 1.9884359 0 P 0
L 2.4872047 3.2332677 2.4872047 3.3021654 0 P 0
L 2.4872047 3.3120078 2.4872047 3.3809055 0 P 0
L 2.5068897 2.5167322 2.5068897 2.5856299 0 P 0
L 2.5068897 2.6033463 2.5068897 2.672244 0 P 0
L 2.5106714 2.4232281 2.5106714 2.4940942 0 P 0
L 2.5570866 1.6793808 2.5570866 1.7502469 0 P 0
L 2.5570866 1.6793808 2.6909448 1.6793808 0 P 0
L 2.5570866 1.7502469 2.6909448 1.7502469 0 P 0
L 2.560667 2.8917321 2.560667 3.1712597 0 P 0
L 2.565945 1.4911418 2.565945 1.5600395 0 P 0
L 2.565945 1.4911418 2.6978348 1.4911418 0 P 0
L 2.565945 1.5600395 2.6978348 1.5600395 0 P 0
L 2.6574803 1.7876485 2.6574803 1.9884359 0 P 0
L 2.6909448 1.6793808 2.6909448 1.7502469 0 P 0
L 2.6978348 1.4911418 2.6978348 1.5600395 0 P 0
L 2.8169291 1.3801681 2.8169291 1.4510342 0 P 0
L 2.8169291 1.3801681 2.9507873 1.3801681 0 P 0
L 2.8169291 1.4510342 2.9507873 1.4510342 0 P 0
L 2.8169291 1.8722942 2.8169291 1.9431603 0 P 0
L 2.8169291 1.8722942 2.9507873 1.8722942 0 P 0
L 2.8169291 1.9431603 2.9507873 1.9431603 0 P 0
L 2.8179133 1.4795776 2.8179133 1.5484753 0 P 0
L 2.8179133 1.4795776 2.9498031 1.4795776 0 P 0
L 2.8179133 1.5484753 2.9498031 1.5484753 0 P 0
L 2.8179133 1.5780028 2.8179133 1.6469005 0 P 0
L 2.8179133 1.5780028 2.9498031 1.5780028 0 P 0
L 2.8179133 1.6469005 2.9498031 1.6469005 0 P 0
L 2.8179133 1.6769002 2.8179133 1.7457979 0 P 0
L 2.8179133 1.6769002 2.9498031 1.6769002 0 P 0
L 2.8179133 1.7457979 2.9498031 1.7457979 0 P 0
L 2.8179133 1.7748531 2.8179133 1.8437508 0 P 0
L 2.8179133 1.7748531 2.9498031 1.7748531 0 P 0
L 2.8179133 1.8437508 2.9498031 1.8437508 0 P 0
L 2.8179133 1.9717035 2.8179133 2.0406012 0 P 0
L 2.8179133 1.9717035 2.9498031 1.9717035 0 P 0
L 2.8179133 2.0406012 2.9498031 2.0406012 0 P 0
L 2.8375984 2.1094988 2.8375984 2.1783965 0 P 0
L 2.8375984 2.1094988 2.9694882 2.1094988 0 P 0
L 2.8375984 2.1783965 2.9694882 2.1783965 0 P 0
L 2.8385828 2.8645669 2.8385828 2.9984252 0 P 0
L 2.8385828 2.8645669 2.9094489 2.8645669 0 P 0
L 2.8385828 2.9984252 2.9094489 2.9984252 0 P 0
L 2.9094489 2.8645669 2.9094489 2.9984252 0 P 0
L 2.9498031 1.4795776 2.9498031 1.5484753 0 P 0
L 2.9498031 1.5780028 2.9498031 1.6469005 0 P 0
L 2.9498031 1.6769002 2.9498031 1.7457979 0 P 0
L 2.9498031 1.7748531 2.9498031 1.8437508 0 P 0
L 2.9498031 1.9717035 2.9498031 2.0406012 0 P 0
L 2.9507873 1.3801681 2.9507873 1.4510342 0 P 0
L 2.9507873 1.8722942 2.9507873 1.9431603 0 P 0
L 2.9694882 2.1094988 2.9694882 2.1783965 0 P 0
L 3.0570865 2.9192914 3.0570865 3.1043307 0 P 0
L 3.0570865 2.9192914 3.4783465 2.9192914 0 P 0
L 3.0570865 3.0531496 3.4783465 3.0531496 0 P 0
L 3.0570865 3.1043307 3.4783465 3.1043307 0 P 0
L 3.1338583 1.8031496 3.1338583 1.9370078 0 P 0
L 3.1338583 1.8031496 3.2047244 1.8031496 0 P 0
L 3.1338583 1.9370078 3.2047244 1.9370078 0 P 0
L 3.1535433 1.488189 3.1535433 1.6220472 0 P 0
L 3.1535433 1.488189 3.2244094 1.488189 0 P 0
L 3.1535433 1.6220472 3.2244094 1.6220472 0 P 0
L 3.2047244 1.8031496 3.2047244 1.9370078 0 P 0
L 3.2244094 1.488189 3.2244094 1.6220472 0 P 0
L 3.3007873 2.5248032 3.3007873 2.7807087 0 P 0
L 3.3007873 2.5248032 3.4346456 2.5248032 0 P 0
L 3.3007873 2.7807087 3.4346456 2.7807087 0 P 0
L 3.4346456 2.5248032 3.4346456 2.7807087 0 P 0
L 3.4694882 1.8435039 3.4694882 1.9753937 0 P 0
L 3.4694882 1.8435039 3.5383859 1.8435039 0 P 0
L 3.4694882 1.9753937 3.5383859 1.9753937 0 P 0
L 3.4783465 2.9192914 3.4783465 3.1043307 0 P 0
L 3.5383859 1.8435039 3.5383859 1.9753937 0 P 0
L 3.5912205 1.7378453 3.5912205 1.9791838 0 P 0
L 3.5912205 1.7378454 3.7483071 1.7378454 0 P 0
L 3.5912205 1.9791838 3.7483071 1.9791838 0 P 0
L 3.7440946 0.2283465 3.7440946 0.3622047 0 P 0
L 3.7440946 0.2283465 3.8149607 0.2283465 0 P 0
L 3.7440946 0.3622047 3.8149607 0.3622047 0 P 0
L 3.7483071 1.7378453 3.7483071 1.9791838 0 P 0
L 3.8149607 0.2283465 3.8149607 0.3622047 0 P 0
L 3.8498819 1.9028059 3.8498819 1.9717036 0 P 0
L 3.8498819 1.9028059 3.9817717 1.9028059 0 P 0
L 3.8498819 1.9717036 3.9817717 1.9717036 0 P 0
L 3.9817717 1.9028059 3.9817717 1.9717036 0 P 0
P 2.1897482 1.9491905 2 P 0 0
P 2.3296262 1.9012008 1 P 0 0
