#Layer_Color=8388736
#
#Feature symbol names
#
$0 r3.937
$1 rect118.1102x19.5925
$2 rect181.1023x40.2441
$3 rect114.9606x24.3582

#
#Feature attribute names
#

#
#Layer features
#
A 2.0454724 1.2809556 2.0454724 1.2809556 2.0257874 1.2809556 0 P 0 N
A 2.4352361 1.0988689 2.4352361 1.0988689 2.4155511 1.0988689 0 P 0 N
L 1.9903543 1.0683571 1.9903543 1.3163886 0 P 0
L 1.9903543 1.0683571 2.1950787 1.0683571 0 P 0
L 1.9903543 1.3163886 2.1950787 1.3163886 0 P 0
L 2.1003936 0.6990657 2.1003936 0.832924 0 P 0
L 2.1003936 0.6990657 2.2893699 0.6990657 0 P 0
L 2.1003936 0.832924 2.2893699 0.832924 0 P 0
L 2.1003936 0.8565461 2.1003936 0.9904044 0 P 0
L 2.1003936 0.8565461 2.2893699 0.8565461 0 P 0
L 2.1003936 0.9904044 2.2893699 0.9904044 0 P 0
L 2.1950787 1.0683571 2.1950787 1.3163886 0 P 0
L 2.2462598 1.0634359 2.2462598 1.3114674 0 P 0
L 2.2462598 1.0634359 2.4509842 1.0634359 0 P 0
L 2.2462598 1.3114674 2.4509842 1.3114674 0 P 0
L 2.2893699 0.6990657 2.2893699 0.832924 0 P 0
L 2.2893699 0.8565461 2.2893699 0.9904044 0 P 0
L 2.3622032 1.6534726 2.3622032 2.1180422 0 P 0
L 2.3622032 1.6534726 2.775592 1.6534726 0 P 0
L 2.3622032 2.1180422 2.775592 2.1180422 0 P 0
L 2.4509842 1.0634359 2.4509842 1.3114674 0 P 0
L 2.5114173 1.0187009 2.5114173 1.1998032 0 P 0
L 2.5114173 1.0187009 2.6263779 1.0187009 0 P 0
L 2.5114173 1.1998032 2.6263779 1.1998032 0 P 0
L 2.6263779 1.0187009 2.6263779 1.1998032 0 P 0
L 2.6515748 1.0457095 2.6515748 1.1795677 0 P 0
L 2.6515748 1.0457095 2.7224409 1.0457095 0 P 0
L 2.6515748 1.1795677 2.7224409 1.1795677 0 P 0
L 2.7224409 1.0457095 2.7224409 1.1795677 0 P 0
L 2.775592 1.6534726 2.775592 2.1180422 0 P 0
L 2.7785432 1.3024122 2.7785432 1.3713099 0 P 0
L 2.7785432 1.3024122 2.910433 1.3024122 0 P 0
L 2.7785432 1.3713099 2.910433 1.3713099 0 P 0
L 2.910433 1.3024122 2.910433 1.3713099 0 P 0
L 2.9886218 1.3248032 2.9886218 1.4704724 0 P 0
L 2.9886218 1.3248032 3.106732 1.3248032 0 P 0
L 2.9886218 1.4704724 3.106732 1.4704724 0 P 0
L 3.106732 1.3248032 3.106732 1.4704724 0 P 0
L 3.1200788 1.3248032 3.1200788 1.4704724 0 P 0
L 3.1200788 1.3248032 3.238189 1.3248032 0 P 0
L 3.1200788 1.4704724 3.238189 1.4704724 0 P 0
L 3.238189 1.3248032 3.238189 1.4704724 0 P 0
L 3.3129887 1.1909438 3.3129887 1.4901564 0 P 0
L 3.3129887 1.1909438 3.494091 1.1909438 0 P 0
L 3.3129887 1.4901564 3.494091 1.4901564 0 P 0
L 3.494091 1.1909438 3.494091 1.4901564 0 P 0
L 3.5885796 1.1909438 3.5885796 1.4901564 0 P 0
L 3.5885796 1.1909438 3.7696819 1.1909438 0 P 0
L 3.5885796 1.4901564 3.7696819 1.4901564 0 P 0
L 3.7696819 1.1909438 3.7696819 1.4901564 0 P 0
P 2.5688976 1.1876229 3 P 0 0
P 3.0476768 1.3346011 1 P 0 0
P 3.1791338 1.3346011 1 P 0 0
P 3.4035398 1.2110658 2 P 0 0
P 3.6791307 1.2110658 2 P 0 0
