<<<<<<< HEAD
#Layer_Color=32768
#
#Feature symbol names
#
$0 r1.9685
$1 r3.937

#
#Feature attribute names
#

#
#Layer features
#
A 0.2913386 0.1968504 0.2913386 0.1968504 0.1968504 0.1968504 0 P 0 N
A 0.2913386 3.2283465 0.2913386 3.2283465 0.1968504 3.2283465 0 P 0 N
A 0.7775591 1.2598425 0.7775591 1.2598425 0.6889764 1.2598425 0 P 0 N
A 0.7775591 1.4569399 0.7775591 1.4569399 0.6889764 1.4569399 0 P 0 N
A 0.8759843 0.2362205 0.8759843 0.2362205 0.7874016 0.2362205 0 P 0 N
A 1.6240157 1.8110236 1.6240157 1.8110236 1.535433 1.8110236 0 P 0 N
A 1.9614544 2.6020826 1.9614544 2.6020826 1.8728717 2.6020826 0 P 0 N
A 2.4507874 0.2362205 2.4507874 0.2362205 2.3622047 0.2362205 0 P 0 N
A 2.5323251 2.3188975 2.5323251 2.3188975 2.4437424 2.3188975 0 P 0 N
A 2.7854331 3.2677165 2.7854331 3.2677165 2.6968504 3.2677165 0 P 0 N
A 2.7883858 2.7559052 2.7883858 2.7559052 2.6998031 2.7559052 0 P 0 N
A 2.9350394 2.2834646 2.9350394 2.2834646 2.8464567 2.2834646 0 P 0 N
A 3.1988189 0.2362205 3.1988189 0.2362205 3.1102362 0.2362205 0 P 0 N
A 3.5925197 2.1161417 3.5925197 2.1161417 3.503937 2.1161417 0 P 0 N
A 4.0255906 0.2362205 4.0255906 0.2362205 3.9370079 0.2362205 0 P 0 N
A 4.7007874 0.1968504 4.7007874 0.1968504 4.6062992 0.1968504 0 P 0 N
A 4.7007874 3.2283465 4.7007874 3.2283465 4.6062992 3.2283465 0 P 0 N
L 0.1397638 1.1240157 0.1397638 1.3956693 0 P 0
L 0.1397638 1.1240157 0.5492126 1.1240157 0 P 0
L 0.1397638 1.3956693 0.5492126 1.3956693 0 P 0
L 0.1929135 0.5137796 0.1929135 0.9429134 0 P 0
L 0.1929135 0.5137796 0.6732285 0.5137796 0 P 0
L 0.1929135 0.9429134 0.6732285 0.9429134 0 P 0
L 0.3248032 1.2598425 0.3641732 1.2598425 1 P 0
L 0.3287402 0.9645669 0.3287402 1.1023622 0 P 0
L 0.3287402 0.9645669 0.5374017 0.9645669 0 P 0
L 0.3287402 1.1023622 0.5374017 1.1023622 0 P 0
L 0.3444882 1.2401574 0.3444882 1.2795275 1 P 0
L 0.3740158 1.418307 0.3740158 1.4931101 0 P 0
L 0.3740158 1.418307 0.5314961 1.418307 0 P 0
L 0.3740158 1.4931101 0.5314961 1.4931101 0 P 0
L 0.4133859 1.0334646 0.452756 1.0334646 1 P 0
L 0.413386 0.7283465 0.452756 0.7283465 1 P 0
L 0.433071 0.7086615 0.433071 0.7480315 1 P 0
L 0.433071 1.0137795 0.433071 1.0531496 1 P 0
L 0.433071 1.4557086 0.472441 1.4557086 1 P 0
L 0.452756 1.4360235 0.452756 1.4753936 1 P 0
L 0.5314961 1.418307 0.5314961 1.4931101 0 P 0
L 0.5374017 0.9645669 0.5374017 1.1023622 0 P 0
L 0.5492126 1.1240157 0.5492126 1.3956693 0 P 0
L 0.6318897 1.7145669 0.6318897 1.78937 0 P 0
L 0.6318897 1.7145669 0.785433 1.7145669 0 P 0
L 0.6318897 1.78937 0.785433 1.78937 0 P 0
L 0.6397638 1.644685 0.6397638 1.7017716 0 P 0
L 0.6397638 1.644685 0.777559 1.644685 0 P 0
L 0.6397638 1.7017716 0.777559 1.7017716 0 P 0
L 0.6692914 1.2598425 0.7086614 1.2598425 1 P 0
L 0.6692914 1.4569399 0.7086614 1.4569399 1 P 0
L 0.6732285 0.5137796 0.6732285 0.9429134 0 P 0
L 0.6889764 1.2401575 0.6889764 1.2795275 1 P 0
L 0.6889764 1.4372549 0.6889764 1.4766249 1 P 0
L 0.6889764 1.6732283 0.7283464 1.6732283 1 P 0
L 0.6889764 1.7519685 0.7283464 1.7519685 1 P 0
L 0.7086614 1.6535433 0.7086614 1.6929133 1 P 0
L 0.7086614 1.7322834 0.7086614 1.7716535 1 P 0
L 0.7677166 0.2362205 0.8070866 0.2362205 1 P 0
L 0.7696851 3.1909449 0.7696851 3.3444882 0 P 0
L 0.7696851 3.1909449 0.8444882 3.1909449 0 P 0
L 0.7696851 3.3444882 0.8444882 3.3444882 0 P 0
L 0.777559 1.644685 0.777559 1.7017716 0 P 0
L 0.785433 1.7145669 0.785433 1.78937 0 P 0
L 0.7874016 0.2165355 0.7874016 0.2559055 1 P 0
L 0.7874016 3.2677165 0.8267717 3.2677165 1 P 0
L 0.8070867 3.2480315 0.8070867 3.2874015 1 P 0
L 0.8307087 2.519685 0.8307087 2.7559055 0 P 0
L 0.8307087 2.519685 0.9803148 2.519685 0 P 0
L 0.8307087 2.7559055 0.9803148 2.7559055 0 P 0
L 0.8444882 3.1909449 0.8444882 3.3444882 0 P 0
L 0.8740157 2.7598426 0.8740157 2.7913387 0 P 0
L 0.8740157 2.7598426 0.9370078 2.7598426 0 P 0
L 0.8740157 2.7913387 0.9370078 2.7913387 0 P 0
L 0.8740158 2.4842519 0.8740158 2.515748 0 P 0
L 0.8740158 2.4842519 0.9370079 2.4842519 0 P 0
L 0.8740158 2.515748 0.9370079 2.515748 0 P 0
L 0.8799214 3.1751968 0.8799214 3.3602362 0 P 0
L 0.8799214 3.1751968 0.9704726 3.1751968 0 P 0
L 0.8799214 3.3602362 0.9704726 3.3602362 0 P 0
L 0.8858268 2.6377952 0.9251968 2.6377952 1 P 0
L 0.8937007 2.7755906 0.9173228 2.7755906 0 P 0
L 0.8937008 2.5 0.9173229 2.5 0 P 0
L 0.9055118 2.488189 0.9055118 2.511811 0 P 0
L 0.9055118 2.6181102 0.9055118 2.6574802 1 P 0
L 0.9055118 2.7637796 0.9055118 2.7874016 0 P 0
L 0.905512 3.2677165 0.9448821 3.2677165 1 P 0
L 0.9173228 1.7413887 0.9173228 1.9579241 0 P 0
L 0.9173228 1.7413887 1.2086614 1.7413887 0 P 0
L 0.9173228 1.9579241 1.2086614 1.9579241 0 P 0
L 0.9212599 2.8799213 0.9212599 3.1043307 0 P 0
L 0.9212599 2.8799213 1.0472441 2.8799213 0 P 0
L 0.9212599 3.1043307 1.0472441 3.1043307 0 P 0
L 0.925197 3.2480314 0.925197 3.2874015 1 P 0
L 0.9370078 2.7598426 0.9370078 2.7913387 0 P 0
L 0.9370079 2.4842519 0.9370079 2.515748 0 P 0
L 0.964567 2.992126 1.003937 2.992126 1 P 0
L 0.9704726 3.1751968 0.9704726 3.3602362 0 P 0
L 0.9803148 2.519685 0.9803148 2.7559055 0 P 0
L 0.984252 2.972441 0.984252 3.011811 1 P 0
L 0.9862205 3.1909449 0.9862205 3.3444882 0 P 0
L 0.9862205 3.1909449 1.0610236 3.1909449 0 P 0
L 0.9862205 3.3444882 1.0610236 3.3444882 0 P 0
L 1.003937 3.2677165 1.0433071 3.2677165 1 P 0
L 1.0236221 3.2480315 1.0236221 3.2874015 1 P 0
L 1.0314961 2.6614173 1.0314961 2.7519684 0 P 0
L 1.0314961 2.6614173 1.0748032 2.6614173 0 P 0
L 1.0314961 2.7519684 1.0748032 2.7519684 0 P 0
L 1.0344489 2.7066928 1.0718505 2.7066928 0 P 0
L 1.043307 1.8496564 1.0826771 1.8496564 1 P 0
L 1.0472505 2.8799149 1.0472505 3.1043242 0 P 0
L 1.0531497 2.6879921 1.0531497 2.7253936 0 P 0
L 1.0610236 3.1909449 1.0610236 3.3444882 0 P 0
L 1.0629921 1.8299714 1.0629921 1.8693414 1 P 0
L 1.0649606 1.0431108 1.0649606 1.5234258 0 P 0
L 1.0649606 1.0431108 1.4940944 1.0431108 0 P 0
L 1.0649606 1.5234258 1.4940944 1.5234258 0 P 0
L 1.0748032 2.6614173 1.0748032 2.7519684 0 P 0
L 1.1220472 2.4409448 1.1220472 2.7952755 0 P 0
L 1.1220472 2.4409448 1.4763779 2.4409448 0 P 0
L 1.1220472 2.7952755 1.4763779 2.7952755 0 P 0
L 1.1417323 2.2204724 1.1417323 2.3070866 0 P 0
L 1.1417323 2.2204724 1.1811023 2.2204724 0 P 0
L 1.1417323 2.3070866 1.1811023 2.3070866 0 P 0
L 1.1515748 2.2637795 1.1712598 2.2637795 1 P 0
L 1.1614173 2.253937 1.1614173 2.273622 1 P 0
L 1.1721457 2.8153544 1.1721457 2.8901575 0 P 0
L 1.1721457 2.8153544 1.329626 2.8153544 0 P 0
L 1.1721457 2.8901575 1.329626 2.8901575 0 P 0
L 1.1749016 3.2043307 1.1749016 3.4712598 0 P 0
L 1.1749016 3.2043307 1.499311 3.2043307 0 P 0
L 1.1749016 3.4712598 1.499311 3.4712598 0 P 0
L 1.1811023 2.2204724 1.1811023 2.3070866 0 P 0
L 1.2027559 2.1870079 1.2027559 2.3444882 0 P 0
L 1.2027559 2.1870079 1.277559 2.1870079 0 P 0
L 1.2027559 2.3444882 1.277559 2.3444882 0 P 0
L 1.2086614 1.7413887 1.2086614 1.9579241 0 P 0
L 1.2204724 2.265748 1.2598425 2.265748 1 P 0
L 1.2224409 1.6929134 1.2224409 1.8503937 0 P 0
L 1.2224409 1.6929134 1.297244 1.6929134 0 P 0
L 1.2224409 1.8503937 1.297244 1.8503937 0 P 0
L 1.2312008 2.8527559 1.2705708 2.8527559 1 P 0
L 1.2401574 1.7716535 1.2795275 1.7716535 1 P 0
L 1.2401575 2.246063 1.2401575 2.285433 1 P 0
L 1.2508858 2.8330709 1.2508858 2.872441 1 P 0
L 1.2598425 1.2832683 1.2992125 1.2832683 1 P 0
L 1.2598425 1.7519685 1.2598425 1.7913385 1 P 0
L 1.277559 2.1870079 1.277559 2.3444882 0 P 0
L 1.2795275 1.2635833 1.2795275 1.3029533 1 P 0
L 1.2795275 2.6181102 1.3188976 2.6181102 1 P 0
L 1.2814961 3.011811 1.2814961 3.1102362 0 P 0
L 1.2814961 3.011811 1.3759843 3.011811 0 P 0
L 1.2814961 3.1102362 1.3759843 3.1102362 0 P 0
L 1.297244 1.6929134 1.297244 1.8503937 0 P 0
L 1.2992126 2.5984251 1.2992126 2.6377952 1 P 0
L 1.3070866 2.1889764 1.3070866 2.3425197 0 P 0
L 1.3070866 2.1889764 1.3818897 2.1889764 0 P 0
L 1.3070866 2.3425197 1.3818897 2.3425197 0 P 0
L 1.3090552 3.0610236 1.3484253 3.0610236 1 P 0
L 1.3129921 2.9114173 1.3129921 2.9744094 0 P 0
L 1.3129921 2.9114173 1.3444882 2.9114173 0 P 0
L 1.3129921 2.9744094 1.3444882 2.9744094 0 P 0
L 1.3174213 3.3015749 1.3567913 3.3015749 1 P 0
L 1.3179134 2.9429134 1.3395669 2.9429134 0 P 0
L 1.3248031 2.265748 1.3641732 2.265748 1 P 0
L 1.3287401 2.9320866 1.3287401 2.9537401 0 P 0
L 1.3287402 3.0413386 1.3287402 3.0807086 1 P 0
L 1.329626 2.8153544 1.329626 2.8901575 0 P 0
L 1.3371063 3.2818899 1.3371063 3.3212599 1 P 0
L 1.3444882 2.246063 1.3444882 2.285433 1 P 0
L 1.3444882 2.9114173 1.3444882 2.9744094 0 P 0
L 1.3523622 2.9114173 1.3523622 2.9744094 0 P 0
L 1.3523622 2.9114173 1.3838583 2.9114173 0 P 0
L 1.3523622 2.9744094 1.3838583 2.9744094 0 P 0
L 1.3572835 2.9429134 1.378937 2.9429134 0 P 0
L 1.3681102 2.9320866 1.3681102 2.9537401 0 P 0
L 1.3720472 2.8129921 1.3720472 2.8562992 0 P 0
L 1.3720472 2.8129921 1.4625983 2.8129921 0 P 0
L 1.3720472 2.8562992 1.4625983 2.8562992 0 P 0
L 1.3759843 3.011811 1.3759843 3.1102362 0 P 0
L 1.3818897 2.1889764 1.3818897 2.3425197 0 P 0
L 1.3838583 2.9114173 1.3838583 2.9744094 0 P 0
L 1.398622 2.8346456 1.4360235 2.8346456 0 P 0
L 1.4114172 2.1732283 1.4114172 2.3582677 0 P 0
L 1.4114172 2.1732283 1.5019684 2.1732283 0 P 0
L 1.4114172 2.3582677 1.5019684 2.3582677 0 P 0
L 1.4173227 2.8159448 1.4173227 2.8533464 0 P 0
L 1.4370077 2.265748 1.4763778 2.265748 1 P 0
L 1.4389764 2.3641733 1.4389764 2.4389764 0 P 0
L 1.4389764 2.3641733 1.5925197 2.3641733 0 P 0
L 1.4389764 2.4389764 1.5925197 2.4389764 0 P 0
L 1.4437204 3.0964568 1.4437204 3.1870079 0 P 0
L 1.4437204 3.0964568 1.4870275 3.0964568 0 P 0
L 1.4437204 3.1870079 1.4870275 3.1870079 0 P 0
L 1.4466731 3.1417324 1.4840747 3.1417324 0 P 0
L 1.4566928 2.246063 1.4566928 2.2854331 1 P 0
L 1.4625983 2.8129921 1.4625983 2.8562992 0 P 0
L 1.4653739 3.1230316 1.4653739 3.1604331 0 P 0
L 1.4763779 2.4409448 1.4763779 2.7952755 0 P 0
L 1.4870275 3.0964568 1.4870275 3.1870079 0 P 0
L 1.4940944 1.0431108 1.4940944 1.5234258 0 P 0
L 1.4960629 2.6988187 1.4960629 2.7736218 0 P 0
L 1.4960629 2.6988187 1.6535432 2.6988187 0 P 0
L 1.4960629 2.7736218 1.6535432 2.7736218 0 P 0
L 1.496063 2.4015748 1.535433 2.4015748 1 P 0
L 1.499311 3.2043307 1.499311 3.4712598 0 P 0
L 1.5019684 2.1732283 1.5019684 2.3582677 0 P 0
L 1.5137795 2.444882 1.5137795 2.5354331 0 P 0
L 1.5137795 2.444882 1.5570866 2.444882 0 P 0
L 1.5137795 2.5354331 1.5570866 2.5354331 0 P 0
L 1.515748 1.8110236 1.555118 1.8110236 1 P 0
L 1.515748 2.3818898 1.515748 2.4212599 1 P 0
L 1.5167322 2.4901576 1.5541338 2.4901576 0 P 0
L 1.531496 2.7952756 1.531496 2.8346456 0 P 0
L 1.531496 2.7952756 1.6181102 2.7952756 0 P 0
L 1.531496 2.8346456 1.6181102 2.8346456 0 P 0
L 1.535433 1.7913386 1.535433 1.8307086 1 P 0
L 1.535433 2.4714568 1.535433 2.5088583 0 P 0
L 1.5374016 1.0452809 1.5374016 1.5255959 0 P 0
L 1.5374016 1.0452809 1.9665354 1.0452809 0 P 0
L 1.5374016 1.5255959 1.9665354 1.5255959 0 P 0
L 1.5374016 2.1889764 1.5374016 2.3425197 0 P 0
L 1.5374016 2.1889764 1.6122047 2.1889764 0 P 0
L 1.5374016 2.3425197 1.6122047 2.3425197 0 P 0
L 1.5551181 2.2657481 1.5944882 2.2657481 1 P 0
L 1.5551181 2.7362203 1.5944881 2.7362203 1 P 0
L 1.5570866 2.444882 1.5570866 2.5354331 0 P 0
L 1.5649606 2.8149606 1.5846456 2.8149606 1 P 0
L 1.5748031 2.2460631 1.5748031 2.2854331 1 P 0
L 1.5748031 2.7165352 1.5748031 2.7559053 1 P 0
L 1.5748031 2.8051181 1.5748031 2.8248031 1 P 0
L 1.5925197 2.3641733 1.5925197 2.4389764 0 P 0
L 1.6122047 2.1889764 1.6122047 2.3425197 0 P 0
L 1.6181102 2.7952756 1.6181102 2.8346456 0 P 0
L 1.6476379 2.1732283 1.6476379 2.3582677 0 P 0
L 1.6476379 2.1732283 1.7381891 2.1732283 0 P 0
L 1.6476379 2.3582677 1.7381891 2.3582677 0 P 0
L 1.6535432 2.6988187 1.6535432 2.7736218 0 P 0
L 1.6732285 2.265748 1.7125986 2.265748 1 P 0
L 1.6929135 2.2460629 1.6929135 2.285433 1 P 0
L 1.7322835 1.2854384 1.7716535 1.2854384 1 P 0
L 1.7381891 2.1732283 1.7381891 2.3582677 0 P 0
L 1.7519685 1.2657534 1.7519685 1.3051234 1 P 0
L 1.8531867 2.6020826 1.8925567 2.6020826 1 P 0
L 1.8728717 2.5823976 1.8728717 2.6217676 1 P 0
L 1.9202755 2.6988189 1.9202755 2.773622 0 P 0
L 1.9202755 2.6988189 2.0738188 2.6988189 0 P 0
L 1.9202755 2.773622 2.0738188 2.773622 0 P 0
L 1.9606298 1.8900107 1.9606298 1.9648138 0 P 0
L 1.9606298 1.8900107 2.1141731 1.8900107 0 P 0
L 1.9606298 1.9648138 2.1141731 1.9648138 0 P 0
L 1.9665354 1.0452809 1.9665354 1.5255959 0 P 0
L 1.9773622 2.7362205 2.0167322 2.7362205 1 P 0
L 1.9805118 1.0447351 1.9805118 1.3644201 0 P 0
L 1.9805118 1.0447351 2.2049212 1.0447351 0 P 0
L 1.9805118 1.3644201 2.2049212 1.3644201 0 P 0
L 1.9970472 2.7165354 1.9970472 2.7559055 1 P 0
L 2.0177165 1.9274123 2.0570865 1.9274123 1 P 0
L 2.0374015 1.6911918 2.0374015 1.769932 0 P 0
L 2.0374015 1.6911918 2.0767715 1.6911918 0 P 0
L 2.0374015 1.769932 2.0767715 1.769932 0 P 0
L 2.0374015 1.9077272 2.0374015 1.9470973 1 P 0
L 2.047244 1.7305619 2.066929 1.7305619 1 P 0
L 2.0570865 1.7207194 2.0570865 1.7404044 1 P 0
L 2.0730315 1.1923729 2.1124015 1.1923729 1 P 0
L 2.0738188 2.6988189 2.0738188 2.773622 0 P 0
L 2.0767715 1.6911918 2.0767715 1.769932 0 P 0
L 2.0927165 1.1726878 2.0927165 1.2120579 1 P 0
L 2.0943876 1.3900105 2.0943876 1.4805617 0 P 0
L 2.0943876 1.3900105 2.27549 1.3900105 0 P 0
L 2.0943876 1.4805617 2.27549 1.4805617 0 P 0
L 2.1066928 1.5952073 2.1066928 1.6700104 0 P 0
L 2.1066928 1.5952073 2.2602361 1.5952073 0 P 0
L 2.1066928 1.6700104 2.2602361 1.6700104 0 P 0
L 2.1078241 1.7915854 2.1078241 1.8663885 0 P 0
L 2.1078241 1.7915854 2.2653044 1.7915854 0 P 0
L 2.1078241 1.8663885 2.2653044 1.8663885 0 P 0
L 2.1082676 1.4967821 2.1082676 1.5715852 0 P 0
L 2.1082676 1.4967821 2.2618109 1.4967821 0 P 0
L 2.1082676 1.5715852 2.2618109 1.5715852 0 P 0
L 2.1082676 1.6936324 2.1082676 1.7684355 0 P 0
L 2.1082676 1.6936324 2.2618109 1.6936324 0 P 0
L 2.1082676 1.7684355 2.2618109 1.7684355 0 P 0
L 2.1141731 1.8900107 2.1141731 1.9648138 0 P 0
L 2.1267588 2.1594489 2.252743 2.1594489 0 P 0
L 2.1267589 1.8956693 2.1267589 2.1594489 0 P 0
L 2.126759 1.8956693 2.2527432 1.8956693 0 P 0
L 2.1508246 2.6909446 2.1508246 2.7814958 0 P 0
L 2.1508246 2.6909446 2.335864 2.6909446 0 P 0
L 2.1508246 2.7814958 2.335864 2.7814958 0 P 0
L 2.1531867 3.0314959 2.1925567 3.0314959 1 P 0
L 2.1637795 1.6326089 2.2031495 1.6326089 1 P 0
L 2.164604 2.4429132 2.164604 2.5177163 0 P 0
L 2.164604 2.4429132 2.3181473 2.4429132 0 P 0
L 2.164604 2.5177163 2.3181473 2.5177163 0 P 0
L 2.1646041 2.3641732 2.1646041 2.4389763 0 P 0
L 2.1646041 2.3641732 2.3181474 2.3641732 0 P 0
L 2.1646041 2.4389763 2.3181474 2.4389763 0 P 0
L 2.1652538 1.4352861 2.2046238 1.4352861 1 P 0
L 2.1653543 1.5341837 2.2047243 1.5341837 1 P 0
L 2.1653543 1.731034 2.2047243 1.731034 1 P 0
L 2.1668792 1.8289869 2.2062492 1.8289869 1 P 0
L 2.1679292 2.5954724 2.1679292 2.6702755 0 P 0
L 2.1679292 2.5954724 2.3214725 2.5954724 0 P 0
L 2.1679292 2.6702755 2.3214725 2.6702755 0 P 0
L 2.1700659 2.0275591 2.209436 2.0275591 1 P 0
L 2.1728717 3.0118109 2.1728717 3.0511809 1 P 0
L 2.1834645 1.6129238 2.1834645 1.6522939 1 P 0
L 2.1849388 1.4156011 2.1849388 1.4549712 1 P 0
L 2.1850393 1.5144986 2.1850393 1.5538687 1 P 0
L 2.1850393 1.7113489 2.1850393 1.750719 1 P 0
L 2.1865642 1.8093019 2.1865642 1.848672 1 P 0
L 2.1897509 2.0078741 2.1897509 2.0472442 1 P 0
L 2.2027561 2.1771654 2.2027561 2.2519685 0 P 0
L 2.2027561 2.1771654 2.3562994 2.1771654 0 P 0
L 2.2027561 2.2519685 2.3562994 2.2519685 0 P 0
L 2.2049212 1.0447351 2.2049212 1.3644201 0 P 0
L 2.2216907 2.4015747 2.2610607 2.4015747 1 P 0
L 2.2216907 2.4803148 2.2610607 2.4803148 1 P 0
L 2.2236592 2.7362202 2.2630293 2.7362202 1 P 0
L 2.2250159 2.632874 2.2643859 2.632874 1 P 0
L 2.2364173 1.0154044 2.2364173 1.3350894 0 P 0
L 2.2364173 1.0154044 2.4608267 1.0154044 0 P 0
L 2.2364173 1.3350894 2.4608267 1.3350894 0 P 0
L 2.2413757 2.3818897 2.2413757 2.4212598 1 P 0
L 2.2413757 2.4606297 2.2413757 2.4999998 1 P 0
L 2.2433443 2.7165351 2.2433443 2.7559052 1 P 0
L 2.2447009 2.6131889 2.2447009 2.652559 1 P 0
L 2.2527431 1.8956693 2.2527431 2.1594489 0 P 0
L 2.2598427 2.2145669 2.2992127 2.2145669 1 P 0
L 2.2602361 1.5952073 2.2602361 1.6700104 0 P 0
L 2.2618109 1.4967821 2.2618109 1.5715852 0 P 0
L 2.2618109 1.6936324 2.2618109 1.7684355 0 P 0
L 2.2653044 1.7915854 2.2653044 1.8663885 0 P 0
L 2.27549 1.3900105 2.27549 1.4805617 0 P 0
L 2.2795277 2.1948819 2.2795277 2.234252 1 P 0
L 2.3000983 1.8693415 2.3000983 1.9835147 0 P 0
L 2.3000983 1.8693415 2.3591535 1.8693415 0 P 0
L 2.3000983 1.9835147 2.3591535 1.9835147 0 P 0
L 2.3078368 2.0297746 2.3078368 2.1045777 0 P 0
L 2.3078368 2.0297746 2.4653171 2.0297746 0 P 0
L 2.3078368 2.1045777 2.4653171 2.1045777 0 P 0
L 2.3099408 1.926428 2.3493109 1.926428 1 P 0
L 2.3181473 2.4429132 2.3181473 2.5177163 0 P 0
L 2.3181474 2.3641732 2.3181474 2.4389763 0 P 0
L 2.3214725 2.5954724 2.3214725 2.6702755 0 P 0
L 2.328937 1.1874516 2.368307 1.1874516 1 P 0
L 2.3296259 1.906743 2.3296259 1.9461131 1 P 0
L 2.335864 2.6909446 2.335864 2.7814958 0 P 0
L 2.3425197 0.2362205 2.3818897 0.2362205 1 P 0
L 2.3444881 3.3090551 2.3444881 3.3838582 0 P 0
L 2.3444881 3.3090551 2.4980314 3.3090551 0 P 0
L 2.3444881 3.3838582 2.4980314 3.3838582 0 P 0
L 2.3444882 3.230315 2.3444882 3.3051181 0 P 0
L 2.3444882 3.230315 2.4980315 3.230315 0 P 0
L 2.3444882 3.3051181 2.4980315 3.3051181 0 P 0
L 2.348622 1.1677666 2.348622 1.2071367 1 P 0
L 2.3512226 2.4133856 2.3512226 2.5039368 0 P 0
L 2.3512226 2.4133856 2.536262 2.4133856 0 P 0
L 2.3512226 2.5039368 2.536262 2.5039368 0 P 0
L 2.3562994 2.1771654 2.3562994 2.2519685 0 P 0
L 2.3591535 1.8693415 2.3591535 1.9835147 0 P 0
L 2.3622047 0.2165355 2.3622047 0.2559055 1 P 0
L 2.3641731 2.5137795 2.3641731 2.5885826 0 P 0
L 2.3641731 2.5137795 2.5177164 2.5137795 0 P 0
L 2.3641731 2.5885826 2.5177164 2.5885826 0 P 0
L 2.3641732 2.6003936 2.3641732 2.6751967 0 P 0
L 2.3641732 2.6003936 2.5177165 2.6003936 0 P 0
L 2.3641732 2.6751967 2.5177165 2.6751967 0 P 0
L 2.3668919 2.0671761 2.4062619 2.0671761 1 P 0
L 2.3865769 2.0474911 2.3865769 2.0868612 1 P 0
L 2.4015748 3.2677165 2.4409448 3.2677165 1 P 0
L 2.4015748 3.3464567 2.4409448 3.3464567 1 P 0
L 2.4153543 1.777806 2.4153543 1.9982784 0 P 0
L 2.4153543 1.777806 2.7224409 1.777806 0 P 0
L 2.4153543 1.9982784 2.7224409 1.9982784 0 P 0
L 2.4212598 2.5511811 2.4606298 2.5511811 1 P 0
L 2.4212598 2.6377951 2.4606298 2.6377951 1 P 0
L 2.4212598 3.2480315 2.4212598 3.2874016 1 P 0
L 2.4212598 3.3267716 2.4212598 3.3661417 1 P 0
L 2.4240572 2.4586612 2.4634273 2.4586612 1 P 0
L 2.4240574 2.3188975 2.4634274 2.3188975 1 P 0
L 2.4409448 2.531496 2.4409448 2.5708661 1 P 0
L 2.4409448 2.6181101 2.4409448 2.6574802 1 P 0
L 2.4437423 2.4389761 2.4437423 2.4783462 1 P 0
L 2.4437424 2.2992125 2.4437424 2.3385825 1 P 0
L 2.4608267 1.0154044 2.4608267 1.3350894 0 P 0
L 2.4653171 2.0297746 2.4653171 2.1045777 0 P 0
L 2.4980314 3.3090551 2.4980314 3.3838582 0 P 0
L 2.4980315 3.230315 2.4980315 3.3051181 0 P 0
L 2.5177164 2.5137795 2.5177164 2.5885826 0 P 0
L 2.5177165 2.6003936 2.5177165 2.6751967 0 P 0
L 2.536262 2.4133856 2.536262 2.5039368 0 P 0
L 2.5452756 1.6774123 2.5452756 1.7522154 0 P 0
L 2.5452756 1.6774123 2.7027559 1.6774123 0 P 0
L 2.5452756 1.7522154 2.7027559 1.7522154 0 P 0
L 2.5492126 1.8880422 2.5885827 1.8880422 1 P 0
L 2.5551183 1.4881891 2.5551183 1.5629922 0 P 0
L 2.5551183 1.4881891 2.7086616 1.4881891 0 P 0
L 2.5551183 1.5629922 2.7086616 1.5629922 0 P 0
L 2.5688976 1.8683572 2.5688976 1.9077273 1 P 0
L 2.6043307 1.7148138 2.6437007 1.7148138 1 P 0
L 2.6122049 1.5255906 2.6515749 1.5255906 1 P 0
L 2.6240157 1.6951288 2.6240157 1.7344989 1 P 0
L 2.6318899 1.5059056 2.6318899 1.5452757 1 P 0
L 2.6771654 3.2677165 2.7165354 3.2677165 1 P 0
L 2.6801181 2.7559052 2.7194881 2.7559052 1 P 0
L 2.6968504 3.2480315 2.6968504 3.2874015 1 P 0
L 2.6998031 2.7362202 2.6998031 2.7755902 1 P 0
L 2.7027559 1.6774123 2.7027559 1.7522154 0 P 0
L 2.7086616 1.4881891 2.7086616 1.5629922 0 P 0
L 2.7224409 1.777806 2.7224409 1.9982784 0 P 0
L 2.805118 1.3781996 2.805118 1.4530027 0 P 0
L 2.805118 1.3781996 2.9625983 1.3781996 0 P 0
L 2.805118 1.4530027 2.9625983 1.4530027 0 P 0
L 2.805118 1.8703257 2.805118 1.9451288 0 P 0
L 2.805118 1.8703257 2.9625983 1.8703257 0 P 0
L 2.805118 1.9451288 2.9625983 1.9451288 0 P 0
L 2.8070865 1.6739475 2.8070865 1.7487506 0 P 0
L 2.8070865 1.6739475 2.9606298 1.6739475 0 P 0
L 2.8070865 1.7487506 2.9606298 1.7487506 0 P 0
L 2.8070865 1.7719004 2.8070865 1.8467035 0 P 0
L 2.8070865 1.7719004 2.9606298 1.7719004 0 P 0
L 2.8070865 1.8467035 2.9606298 1.8467035 0 P 0
L 2.8070865 1.9687508 2.8070865 2.0435539 0 P 0
L 2.8070865 1.9687508 2.9606298 1.9687508 0 P 0
L 2.8070865 2.0435539 2.9606298 2.0435539 0 P 0
L 2.8070866 1.4766249 2.8070866 1.551428 0 P 0
L 2.8070866 1.4766249 2.9606299 1.4766249 0 P 0
L 2.8070866 1.551428 2.9606299 1.551428 0 P 0
L 2.8070866 1.5750501 2.8070866 1.6498532 0 P 0
L 2.8070866 1.5750501 2.9606299 1.5750501 0 P 0
L 2.8070866 1.6498532 2.9606299 1.6498532 0 P 0
L 2.8267716 2.1065461 2.8267716 2.1813492 0 P 0
L 2.8267716 2.1065461 2.9803149 2.1065461 0 P 0
L 2.8267716 2.1813492 2.9803149 2.1813492 0 P 0
L 2.8267717 2.2834646 2.8661417 2.2834646 1 P 0
L 2.8287402 2.8389764 2.8287402 3.0240158 0 P 0
L 2.8287402 2.8389764 2.9192914 2.8389764 0 P 0
L 2.8287402 3.0240158 2.9192914 3.0240158 0 P 0
L 2.8464567 2.2637796 2.8464567 2.3031496 1 P 0
L 2.8543308 2.9314961 2.8937009 2.9314961 1 P 0
L 2.8641732 1.4156012 2.9035432 1.4156012 1 P 0
L 2.8641732 1.5140264 2.9035432 1.5140264 1 P 0
L 2.8641732 1.6124516 2.9035432 1.6124516 1 P 0
L 2.8641732 1.7113491 2.9035432 1.7113491 1 P 0
L 2.8641732 1.809302 2.9035432 1.809302 1 P 0
L 2.8641732 1.9077273 2.9035432 1.9077273 1 P 0
L 2.8641732 2.0061524 2.9035432 2.0061524 1 P 0
L 2.8740158 2.911811 2.8740158 2.9511811 1 P 0
L 2.8838582 1.3959161 2.8838582 1.4352862 1 P 0
L 2.8838582 1.4943414 2.8838582 1.5337115 1 P 0
L 2.8838582 1.5927666 2.8838582 1.6321367 1 P 0
L 2.8838582 1.691664 2.8838582 1.7310341 1 P 0
L 2.8838582 1.7896169 2.8838582 1.828987 1 P 0
L 2.8838582 1.8880422 2.8838582 1.9274123 1 P 0
L 2.8838582 1.9864673 2.8838582 2.0258374 1 P 0
L 2.8838583 2.1439477 2.9232283 2.1439477 1 P 0
L 2.9035433 2.1242626 2.9035433 2.1636327 1 P 0
L 2.9192914 2.8389764 2.9192914 3.0240158 0 P 0
L 2.9606298 1.6739475 2.9606298 1.7487506 0 P 0
L 2.9606298 1.7719004 2.9606298 1.8467035 0 P 0
L 2.9606298 1.9687508 2.9606298 2.0435539 0 P 0
L 2.9606299 1.4766249 2.9606299 1.551428 0 P 0
L 2.9606299 1.5750501 2.9606299 1.6498532 0 P 0
L 2.9625983 1.3781996 2.9625983 1.4530027 0 P 0
L 2.9625983 1.8703257 2.9625983 1.9451288 0 P 0
L 2.9803149 2.1065461 2.9803149 2.1813492 0 P 0
L 3.0905512 0.2362205 3.1299212 0.2362205 1 P 0
L 3.1102362 0.2165355 3.1102362 0.2559055 1 P 0
L 3.1318898 1.7913385 3.1318898 1.9488188 0 P 0
L 3.1318898 1.7913385 3.2066929 1.7913385 0 P 0
L 3.1318898 1.9488188 3.2066929 1.9488188 0 P 0
L 3.1496063 1.8700787 3.1889764 1.8700787 1 P 0
L 3.1515748 1.476378 3.1515748 1.6338583 0 P 0
L 3.1515748 1.476378 3.2263779 1.476378 0 P 0
L 3.1515748 1.6338583 3.2263779 1.6338583 0 P 0
L 3.1692913 1.5551181 3.2086614 1.5551181 1 P 0
L 3.1692913 1.8503937 3.1692913 1.8897637 1 P 0
L 3.1889764 1.5354331 3.1889764 1.5748031 1 P 0
L 3.2066929 1.7913385 3.2066929 1.9488188 0 P 0
L 3.2263779 1.476378 3.2263779 1.6338583 0 P 0
L 3.2480314 2.992126 3.2874015 2.992126 1 P 0
L 3.2677165 2.9724409 3.2677165 3.011811 1 P 0
L 3.2988188 2.5129921 3.2988188 2.7925197 0 P 0
L 3.2988188 2.5129921 3.4366141 2.5129921 0 P 0
L 3.2988188 2.7925197 3.4366141 2.7925197 0 P 0
L 3.3480314 2.6527559 3.3874015 2.6527559 1 P 0
L 3.3677165 2.6330709 3.3677165 2.672441 1 P 0
L 3.4366141 2.5129921 3.4366141 2.7925197 0 P 0
L 3.4665355 1.8326771 3.4665355 1.9862204 0 P 0
L 3.4665355 1.8326771 3.5413386 1.8326771 0 P 0
L 3.4665355 1.9862204 3.5413386 1.9862204 0 P 0
L 3.484252 1.9094488 3.5236221 1.9094488 1 P 0
L 3.484252 2.1161417 3.523622 2.1161417 1 P 0
L 3.503937 1.8897638 3.503937 1.9291338 1 P 0
L 3.503937 2.0964567 3.503937 2.1358267 1 P 0
L 3.5413386 1.8326771 3.5413386 1.9862204 0 P 0
L 3.5782284 1.727609 3.5782284 1.9894201 0 P 0
L 3.5782284 1.7276091 3.7612992 1.7276091 0 P 0
L 3.5782284 1.9894201 3.7612992 1.9894201 0 P 0
L 3.7421261 0.2165354 3.7421261 0.3740157 0 P 0
L 3.7421261 0.2165354 3.8169292 0.2165354 0 P 0
L 3.7421261 0.3740157 3.8169292 0.3740157 0 P 0
L 3.7598426 0.2952756 3.7992127 0.2952756 1 P 0
L 3.7612992 1.727609 3.7612992 1.9894201 0 P 0
L 3.7795276 0.2755906 3.7795276 0.3149606 1 P 0
L 3.8169292 0.2165354 3.8169292 0.3740157 0 P 0
L 3.8390551 1.8998532 3.8390551 1.9746563 0 P 0
L 3.8390551 1.8998532 3.9925984 1.8998532 0 P 0
L 3.8390551 1.9746563 3.9925984 1.9746563 0 P 0
L 3.8961418 1.9372548 3.9355118 1.9372548 1 P 0
L 3.9158268 1.9175697 3.9158268 1.9569398 1 P 0
L 3.9173229 0.2362205 3.9566929 0.2362205 1 P 0
L 3.9370079 0.2165355 3.9370079 0.2559055 1 P 0
L 3.9925984 1.8998532 3.9925984 1.9746563 0 P 0
=======
#Layer_Color=32768
#
#Feature symbol names
#
$0 r1.9685
$1 r3.937

#
#Feature attribute names
#

#
#Layer features
#
A 0.2913386 0.1968504 0.2913386 0.1968504 0.1968504 0.1968504 0 P 0 N
A 0.2913386 3.2283465 0.2913386 3.2283465 0.1968504 3.2283465 0 P 0 N
A 0.7775591 1.2598425 0.7775591 1.2598425 0.6889764 1.2598425 0 P 0 N
A 0.7775591 1.4569399 0.7775591 1.4569399 0.6889764 1.4569399 0 P 0 N
A 0.8759843 0.2362205 0.8759843 0.2362205 0.7874016 0.2362205 0 P 0 N
A 1.6240157 1.8110236 1.6240157 1.8110236 1.535433 1.8110236 0 P 0 N
A 1.9614544 2.6020826 1.9614544 2.6020826 1.8728717 2.6020826 0 P 0 N
A 2.4507874 0.2362205 2.4507874 0.2362205 2.3622047 0.2362205 0 P 0 N
A 2.5323251 2.3188975 2.5323251 2.3188975 2.4437424 2.3188975 0 P 0 N
A 2.7854331 3.2677165 2.7854331 3.2677165 2.6968504 3.2677165 0 P 0 N
A 2.7883858 2.7559052 2.7883858 2.7559052 2.6998031 2.7559052 0 P 0 N
A 2.9350394 2.2834646 2.9350394 2.2834646 2.8464567 2.2834646 0 P 0 N
A 3.1988189 0.2362205 3.1988189 0.2362205 3.1102362 0.2362205 0 P 0 N
A 3.5925197 2.1161417 3.5925197 2.1161417 3.503937 2.1161417 0 P 0 N
A 4.0255906 0.2362205 4.0255906 0.2362205 3.9370079 0.2362205 0 P 0 N
A 4.7007874 0.1968504 4.7007874 0.1968504 4.6062992 0.1968504 0 P 0 N
A 4.7007874 3.2283465 4.7007874 3.2283465 4.6062992 3.2283465 0 P 0 N
L 0.1397638 1.1240157 0.1397638 1.3956693 0 P 0
L 0.1397638 1.1240157 0.5492126 1.1240157 0 P 0
L 0.1397638 1.3956693 0.5492126 1.3956693 0 P 0
L 0.1929135 0.5137796 0.1929135 0.9429134 0 P 0
L 0.1929135 0.5137796 0.6732285 0.5137796 0 P 0
L 0.1929135 0.9429134 0.6732285 0.9429134 0 P 0
L 0.3248032 1.2598425 0.3641732 1.2598425 1 P 0
L 0.3287402 0.9645669 0.3287402 1.1023622 0 P 0
L 0.3287402 0.9645669 0.5374017 0.9645669 0 P 0
L 0.3287402 1.1023622 0.5374017 1.1023622 0 P 0
L 0.3444882 1.2401574 0.3444882 1.2795275 1 P 0
L 0.3740158 1.418307 0.3740158 1.4931101 0 P 0
L 0.3740158 1.418307 0.5314961 1.418307 0 P 0
L 0.3740158 1.4931101 0.5314961 1.4931101 0 P 0
L 0.4133859 1.0334646 0.452756 1.0334646 1 P 0
L 0.413386 0.7283465 0.452756 0.7283465 1 P 0
L 0.433071 0.7086615 0.433071 0.7480315 1 P 0
L 0.433071 1.0137795 0.433071 1.0531496 1 P 0
L 0.433071 1.4557086 0.472441 1.4557086 1 P 0
L 0.452756 1.4360235 0.452756 1.4753936 1 P 0
L 0.5314961 1.418307 0.5314961 1.4931101 0 P 0
L 0.5374017 0.9645669 0.5374017 1.1023622 0 P 0
L 0.5492126 1.1240157 0.5492126 1.3956693 0 P 0
L 0.6318897 1.7145669 0.6318897 1.78937 0 P 0
L 0.6318897 1.7145669 0.785433 1.7145669 0 P 0
L 0.6318897 1.78937 0.785433 1.78937 0 P 0
L 0.6397638 1.644685 0.6397638 1.7017716 0 P 0
L 0.6397638 1.644685 0.777559 1.644685 0 P 0
L 0.6397638 1.7017716 0.777559 1.7017716 0 P 0
L 0.6692914 1.2598425 0.7086614 1.2598425 1 P 0
L 0.6692914 1.4569399 0.7086614 1.4569399 1 P 0
L 0.6732285 0.5137796 0.6732285 0.9429134 0 P 0
L 0.6889764 1.2401575 0.6889764 1.2795275 1 P 0
L 0.6889764 1.4372549 0.6889764 1.4766249 1 P 0
L 0.6889764 1.6732283 0.7283464 1.6732283 1 P 0
L 0.6889764 1.7519685 0.7283464 1.7519685 1 P 0
L 0.7086614 1.6535433 0.7086614 1.6929133 1 P 0
L 0.7086614 1.7322834 0.7086614 1.7716535 1 P 0
L 0.7677166 0.2362205 0.8070866 0.2362205 1 P 0
L 0.7696851 3.1909449 0.7696851 3.3444882 0 P 0
L 0.7696851 3.1909449 0.8444882 3.1909449 0 P 0
L 0.7696851 3.3444882 0.8444882 3.3444882 0 P 0
L 0.777559 1.644685 0.777559 1.7017716 0 P 0
L 0.785433 1.7145669 0.785433 1.78937 0 P 0
L 0.7874016 0.2165355 0.7874016 0.2559055 1 P 0
L 0.7874016 3.2677165 0.8267717 3.2677165 1 P 0
L 0.8070867 3.2480315 0.8070867 3.2874015 1 P 0
L 0.8307087 2.519685 0.8307087 2.7559055 0 P 0
L 0.8307087 2.519685 0.9803148 2.519685 0 P 0
L 0.8307087 2.7559055 0.9803148 2.7559055 0 P 0
L 0.8444882 3.1909449 0.8444882 3.3444882 0 P 0
L 0.8740157 2.7598426 0.8740157 2.7913387 0 P 0
L 0.8740157 2.7598426 0.9370078 2.7598426 0 P 0
L 0.8740157 2.7913387 0.9370078 2.7913387 0 P 0
L 0.8740158 2.4842519 0.8740158 2.515748 0 P 0
L 0.8740158 2.4842519 0.9370079 2.4842519 0 P 0
L 0.8740158 2.515748 0.9370079 2.515748 0 P 0
L 0.8799214 3.1751968 0.8799214 3.3602362 0 P 0
L 0.8799214 3.1751968 0.9704726 3.1751968 0 P 0
L 0.8799214 3.3602362 0.9704726 3.3602362 0 P 0
L 0.8858268 2.6377952 0.9251968 2.6377952 1 P 0
L 0.8937007 2.7755906 0.9173228 2.7755906 0 P 0
L 0.8937008 2.5 0.9173229 2.5 0 P 0
L 0.9055118 2.488189 0.9055118 2.511811 0 P 0
L 0.9055118 2.6181102 0.9055118 2.6574802 1 P 0
L 0.9055118 2.7637796 0.9055118 2.7874016 0 P 0
L 0.905512 3.2677165 0.9448821 3.2677165 1 P 0
L 0.9173228 1.7413887 0.9173228 1.9579241 0 P 0
L 0.9173228 1.7413887 1.2086614 1.7413887 0 P 0
L 0.9173228 1.9579241 1.2086614 1.9579241 0 P 0
L 0.9212599 2.8799213 0.9212599 3.1043307 0 P 0
L 0.9212599 2.8799213 1.0472441 2.8799213 0 P 0
L 0.9212599 3.1043307 1.0472441 3.1043307 0 P 0
L 0.925197 3.2480314 0.925197 3.2874015 1 P 0
L 0.9370078 2.7598426 0.9370078 2.7913387 0 P 0
L 0.9370079 2.4842519 0.9370079 2.515748 0 P 0
L 0.964567 2.992126 1.003937 2.992126 1 P 0
L 0.9704726 3.1751968 0.9704726 3.3602362 0 P 0
L 0.9803148 2.519685 0.9803148 2.7559055 0 P 0
L 0.984252 2.972441 0.984252 3.011811 1 P 0
L 0.9862205 3.1909449 0.9862205 3.3444882 0 P 0
L 0.9862205 3.1909449 1.0610236 3.1909449 0 P 0
L 0.9862205 3.3444882 1.0610236 3.3444882 0 P 0
L 1.003937 3.2677165 1.0433071 3.2677165 1 P 0
L 1.0236221 3.2480315 1.0236221 3.2874015 1 P 0
L 1.0314961 2.6614173 1.0314961 2.7519684 0 P 0
L 1.0314961 2.6614173 1.0748032 2.6614173 0 P 0
L 1.0314961 2.7519684 1.0748032 2.7519684 0 P 0
L 1.0344489 2.7066928 1.0718505 2.7066928 0 P 0
L 1.043307 1.8496564 1.0826771 1.8496564 1 P 0
L 1.0472505 2.8799149 1.0472505 3.1043242 0 P 0
L 1.0531497 2.6879921 1.0531497 2.7253936 0 P 0
L 1.0610236 3.1909449 1.0610236 3.3444882 0 P 0
L 1.0629921 1.8299714 1.0629921 1.8693414 1 P 0
L 1.0649606 1.0431108 1.0649606 1.5234258 0 P 0
L 1.0649606 1.0431108 1.4940944 1.0431108 0 P 0
L 1.0649606 1.5234258 1.4940944 1.5234258 0 P 0
L 1.0748032 2.6614173 1.0748032 2.7519684 0 P 0
L 1.1220472 2.4409448 1.1220472 2.7952755 0 P 0
L 1.1220472 2.4409448 1.4763779 2.4409448 0 P 0
L 1.1220472 2.7952755 1.4763779 2.7952755 0 P 0
L 1.1417323 2.2204724 1.1417323 2.3070866 0 P 0
L 1.1417323 2.2204724 1.1811023 2.2204724 0 P 0
L 1.1417323 2.3070866 1.1811023 2.3070866 0 P 0
L 1.1515748 2.2637795 1.1712598 2.2637795 1 P 0
L 1.1614173 2.253937 1.1614173 2.273622 1 P 0
L 1.1721457 2.8153544 1.1721457 2.8901575 0 P 0
L 1.1721457 2.8153544 1.329626 2.8153544 0 P 0
L 1.1721457 2.8901575 1.329626 2.8901575 0 P 0
L 1.1749016 3.2043307 1.1749016 3.4712598 0 P 0
L 1.1749016 3.2043307 1.499311 3.2043307 0 P 0
L 1.1749016 3.4712598 1.499311 3.4712598 0 P 0
L 1.1811023 2.2204724 1.1811023 2.3070866 0 P 0
L 1.2027559 2.1870079 1.2027559 2.3444882 0 P 0
L 1.2027559 2.1870079 1.277559 2.1870079 0 P 0
L 1.2027559 2.3444882 1.277559 2.3444882 0 P 0
L 1.2086614 1.7413887 1.2086614 1.9579241 0 P 0
L 1.2204724 2.265748 1.2598425 2.265748 1 P 0
L 1.2224409 1.6929134 1.2224409 1.8503937 0 P 0
L 1.2224409 1.6929134 1.297244 1.6929134 0 P 0
L 1.2224409 1.8503937 1.297244 1.8503937 0 P 0
L 1.2312008 2.8527559 1.2705708 2.8527559 1 P 0
L 1.2401574 1.7716535 1.2795275 1.7716535 1 P 0
L 1.2401575 2.246063 1.2401575 2.285433 1 P 0
L 1.2508858 2.8330709 1.2508858 2.872441 1 P 0
L 1.2598425 1.2832683 1.2992125 1.2832683 1 P 0
L 1.2598425 1.7519685 1.2598425 1.7913385 1 P 0
L 1.277559 2.1870079 1.277559 2.3444882 0 P 0
L 1.2795275 1.2635833 1.2795275 1.3029533 1 P 0
L 1.2795275 2.6181102 1.3188976 2.6181102 1 P 0
L 1.2814961 3.011811 1.2814961 3.1102362 0 P 0
L 1.2814961 3.011811 1.3759843 3.011811 0 P 0
L 1.2814961 3.1102362 1.3759843 3.1102362 0 P 0
L 1.297244 1.6929134 1.297244 1.8503937 0 P 0
L 1.2992126 2.5984251 1.2992126 2.6377952 1 P 0
L 1.3070866 2.1889764 1.3070866 2.3425197 0 P 0
L 1.3070866 2.1889764 1.3818897 2.1889764 0 P 0
L 1.3070866 2.3425197 1.3818897 2.3425197 0 P 0
L 1.3090552 3.0610236 1.3484253 3.0610236 1 P 0
L 1.3129921 2.9114173 1.3129921 2.9744094 0 P 0
L 1.3129921 2.9114173 1.3444882 2.9114173 0 P 0
L 1.3129921 2.9744094 1.3444882 2.9744094 0 P 0
L 1.3174213 3.3015749 1.3567913 3.3015749 1 P 0
L 1.3179134 2.9429134 1.3395669 2.9429134 0 P 0
L 1.3248031 2.265748 1.3641732 2.265748 1 P 0
L 1.3287401 2.9320866 1.3287401 2.9537401 0 P 0
L 1.3287402 3.0413386 1.3287402 3.0807086 1 P 0
L 1.329626 2.8153544 1.329626 2.8901575 0 P 0
L 1.3371063 3.2818899 1.3371063 3.3212599 1 P 0
L 1.3444882 2.246063 1.3444882 2.285433 1 P 0
L 1.3444882 2.9114173 1.3444882 2.9744094 0 P 0
L 1.3523622 2.9114173 1.3523622 2.9744094 0 P 0
L 1.3523622 2.9114173 1.3838583 2.9114173 0 P 0
L 1.3523622 2.9744094 1.3838583 2.9744094 0 P 0
L 1.3572835 2.9429134 1.378937 2.9429134 0 P 0
L 1.3681102 2.9320866 1.3681102 2.9537401 0 P 0
L 1.3720472 2.8129921 1.3720472 2.8562992 0 P 0
L 1.3720472 2.8129921 1.4625983 2.8129921 0 P 0
L 1.3720472 2.8562992 1.4625983 2.8562992 0 P 0
L 1.3759843 3.011811 1.3759843 3.1102362 0 P 0
L 1.3818897 2.1889764 1.3818897 2.3425197 0 P 0
L 1.3838583 2.9114173 1.3838583 2.9744094 0 P 0
L 1.398622 2.8346456 1.4360235 2.8346456 0 P 0
L 1.4114172 2.1732283 1.4114172 2.3582677 0 P 0
L 1.4114172 2.1732283 1.5019684 2.1732283 0 P 0
L 1.4114172 2.3582677 1.5019684 2.3582677 0 P 0
L 1.4173227 2.8159448 1.4173227 2.8533464 0 P 0
L 1.4370077 2.265748 1.4763778 2.265748 1 P 0
L 1.4389764 2.3641733 1.4389764 2.4389764 0 P 0
L 1.4389764 2.3641733 1.5925197 2.3641733 0 P 0
L 1.4389764 2.4389764 1.5925197 2.4389764 0 P 0
L 1.4437204 3.0964568 1.4437204 3.1870079 0 P 0
L 1.4437204 3.0964568 1.4870275 3.0964568 0 P 0
L 1.4437204 3.1870079 1.4870275 3.1870079 0 P 0
L 1.4466731 3.1417324 1.4840747 3.1417324 0 P 0
L 1.4566928 2.246063 1.4566928 2.2854331 1 P 0
L 1.4625983 2.8129921 1.4625983 2.8562992 0 P 0
L 1.4653739 3.1230316 1.4653739 3.1604331 0 P 0
L 1.4763779 2.4409448 1.4763779 2.7952755 0 P 0
L 1.4870275 3.0964568 1.4870275 3.1870079 0 P 0
L 1.4940944 1.0431108 1.4940944 1.5234258 0 P 0
L 1.4960629 2.6988187 1.4960629 2.7736218 0 P 0
L 1.4960629 2.6988187 1.6535432 2.6988187 0 P 0
L 1.4960629 2.7736218 1.6535432 2.7736218 0 P 0
L 1.496063 2.4015748 1.535433 2.4015748 1 P 0
L 1.499311 3.2043307 1.499311 3.4712598 0 P 0
L 1.5019684 2.1732283 1.5019684 2.3582677 0 P 0
L 1.5137795 2.444882 1.5137795 2.5354331 0 P 0
L 1.5137795 2.444882 1.5570866 2.444882 0 P 0
L 1.5137795 2.5354331 1.5570866 2.5354331 0 P 0
L 1.515748 1.8110236 1.555118 1.8110236 1 P 0
L 1.515748 2.3818898 1.515748 2.4212599 1 P 0
L 1.5167322 2.4901576 1.5541338 2.4901576 0 P 0
L 1.531496 2.7952756 1.531496 2.8346456 0 P 0
L 1.531496 2.7952756 1.6181102 2.7952756 0 P 0
L 1.531496 2.8346456 1.6181102 2.8346456 0 P 0
L 1.535433 1.7913386 1.535433 1.8307086 1 P 0
L 1.535433 2.4714568 1.535433 2.5088583 0 P 0
L 1.5374016 1.0452809 1.5374016 1.5255959 0 P 0
L 1.5374016 1.0452809 1.9665354 1.0452809 0 P 0
L 1.5374016 1.5255959 1.9665354 1.5255959 0 P 0
L 1.5374016 2.1889764 1.5374016 2.3425197 0 P 0
L 1.5374016 2.1889764 1.6122047 2.1889764 0 P 0
L 1.5374016 2.3425197 1.6122047 2.3425197 0 P 0
L 1.5551181 2.2657481 1.5944882 2.2657481 1 P 0
L 1.5551181 2.7362203 1.5944881 2.7362203 1 P 0
L 1.5570866 2.444882 1.5570866 2.5354331 0 P 0
L 1.5649606 2.8149606 1.5846456 2.8149606 1 P 0
L 1.5748031 2.2460631 1.5748031 2.2854331 1 P 0
L 1.5748031 2.7165352 1.5748031 2.7559053 1 P 0
L 1.5748031 2.8051181 1.5748031 2.8248031 1 P 0
L 1.5925197 2.3641733 1.5925197 2.4389764 0 P 0
L 1.6122047 2.1889764 1.6122047 2.3425197 0 P 0
L 1.6181102 2.7952756 1.6181102 2.8346456 0 P 0
L 1.6476379 2.1732283 1.6476379 2.3582677 0 P 0
L 1.6476379 2.1732283 1.7381891 2.1732283 0 P 0
L 1.6476379 2.3582677 1.7381891 2.3582677 0 P 0
L 1.6535432 2.6988187 1.6535432 2.7736218 0 P 0
L 1.6732285 2.265748 1.7125986 2.265748 1 P 0
L 1.6929135 2.2460629 1.6929135 2.285433 1 P 0
L 1.7322835 1.2854384 1.7716535 1.2854384 1 P 0
L 1.7381891 2.1732283 1.7381891 2.3582677 0 P 0
L 1.7519685 1.2657534 1.7519685 1.3051234 1 P 0
L 1.8531867 2.6020826 1.8925567 2.6020826 1 P 0
L 1.8728717 2.5823976 1.8728717 2.6217676 1 P 0
L 1.9202755 2.6988189 1.9202755 2.773622 0 P 0
L 1.9202755 2.6988189 2.0738188 2.6988189 0 P 0
L 1.9202755 2.773622 2.0738188 2.773622 0 P 0
L 1.9606298 1.8900107 1.9606298 1.9648138 0 P 0
L 1.9606298 1.8900107 2.1141731 1.8900107 0 P 0
L 1.9606298 1.9648138 2.1141731 1.9648138 0 P 0
L 1.9665354 1.0452809 1.9665354 1.5255959 0 P 0
L 1.9773622 2.7362205 2.0167322 2.7362205 1 P 0
L 1.9805118 1.0447351 1.9805118 1.3644201 0 P 0
L 1.9805118 1.0447351 2.2049212 1.0447351 0 P 0
L 1.9805118 1.3644201 2.2049212 1.3644201 0 P 0
L 1.9970472 2.7165354 1.9970472 2.7559055 1 P 0
L 2.0177165 1.9274123 2.0570865 1.9274123 1 P 0
L 2.0374015 1.6911918 2.0374015 1.769932 0 P 0
L 2.0374015 1.6911918 2.0767715 1.6911918 0 P 0
L 2.0374015 1.769932 2.0767715 1.769932 0 P 0
L 2.0374015 1.9077272 2.0374015 1.9470973 1 P 0
L 2.047244 1.7305619 2.066929 1.7305619 1 P 0
L 2.0570865 1.7207194 2.0570865 1.7404044 1 P 0
L 2.0730315 1.1923729 2.1124015 1.1923729 1 P 0
L 2.0738188 2.6988189 2.0738188 2.773622 0 P 0
L 2.0767715 1.6911918 2.0767715 1.769932 0 P 0
L 2.0927165 1.1726878 2.0927165 1.2120579 1 P 0
L 2.0943876 1.3900105 2.0943876 1.4805617 0 P 0
L 2.0943876 1.3900105 2.27549 1.3900105 0 P 0
L 2.0943876 1.4805617 2.27549 1.4805617 0 P 0
L 2.1066928 1.5952073 2.1066928 1.6700104 0 P 0
L 2.1066928 1.5952073 2.2602361 1.5952073 0 P 0
L 2.1066928 1.6700104 2.2602361 1.6700104 0 P 0
L 2.1078241 1.7915854 2.1078241 1.8663885 0 P 0
L 2.1078241 1.7915854 2.2653044 1.7915854 0 P 0
L 2.1078241 1.8663885 2.2653044 1.8663885 0 P 0
L 2.1082676 1.4967821 2.1082676 1.5715852 0 P 0
L 2.1082676 1.4967821 2.2618109 1.4967821 0 P 0
L 2.1082676 1.5715852 2.2618109 1.5715852 0 P 0
L 2.1082676 1.6936324 2.1082676 1.7684355 0 P 0
L 2.1082676 1.6936324 2.2618109 1.6936324 0 P 0
L 2.1082676 1.7684355 2.2618109 1.7684355 0 P 0
L 2.1141731 1.8900107 2.1141731 1.9648138 0 P 0
L 2.1267588 2.1594489 2.252743 2.1594489 0 P 0
L 2.1267589 1.8956693 2.1267589 2.1594489 0 P 0
L 2.126759 1.8956693 2.2527432 1.8956693 0 P 0
L 2.1508246 2.6909446 2.1508246 2.7814958 0 P 0
L 2.1508246 2.6909446 2.335864 2.6909446 0 P 0
L 2.1508246 2.7814958 2.335864 2.7814958 0 P 0
L 2.1531867 3.0314959 2.1925567 3.0314959 1 P 0
L 2.1637795 1.6326089 2.2031495 1.6326089 1 P 0
L 2.164604 2.4429132 2.164604 2.5177163 0 P 0
L 2.164604 2.4429132 2.3181473 2.4429132 0 P 0
L 2.164604 2.5177163 2.3181473 2.5177163 0 P 0
L 2.1646041 2.3641732 2.1646041 2.4389763 0 P 0
L 2.1646041 2.3641732 2.3181474 2.3641732 0 P 0
L 2.1646041 2.4389763 2.3181474 2.4389763 0 P 0
L 2.1652538 1.4352861 2.2046238 1.4352861 1 P 0
L 2.1653543 1.5341837 2.2047243 1.5341837 1 P 0
L 2.1653543 1.731034 2.2047243 1.731034 1 P 0
L 2.1668792 1.8289869 2.2062492 1.8289869 1 P 0
L 2.1679292 2.5954724 2.1679292 2.6702755 0 P 0
L 2.1679292 2.5954724 2.3214725 2.5954724 0 P 0
L 2.1679292 2.6702755 2.3214725 2.6702755 0 P 0
L 2.1700659 2.0275591 2.209436 2.0275591 1 P 0
L 2.1728717 3.0118109 2.1728717 3.0511809 1 P 0
L 2.1834645 1.6129238 2.1834645 1.6522939 1 P 0
L 2.1849388 1.4156011 2.1849388 1.4549712 1 P 0
L 2.1850393 1.5144986 2.1850393 1.5538687 1 P 0
L 2.1850393 1.7113489 2.1850393 1.750719 1 P 0
L 2.1865642 1.8093019 2.1865642 1.848672 1 P 0
L 2.1897509 2.0078741 2.1897509 2.0472442 1 P 0
L 2.2027561 2.1771654 2.2027561 2.2519685 0 P 0
L 2.2027561 2.1771654 2.3562994 2.1771654 0 P 0
L 2.2027561 2.2519685 2.3562994 2.2519685 0 P 0
L 2.2049212 1.0447351 2.2049212 1.3644201 0 P 0
L 2.2216907 2.4015747 2.2610607 2.4015747 1 P 0
L 2.2216907 2.4803148 2.2610607 2.4803148 1 P 0
L 2.2236592 2.7362202 2.2630293 2.7362202 1 P 0
L 2.2250159 2.632874 2.2643859 2.632874 1 P 0
L 2.2364173 1.0154044 2.2364173 1.3350894 0 P 0
L 2.2364173 1.0154044 2.4608267 1.0154044 0 P 0
L 2.2364173 1.3350894 2.4608267 1.3350894 0 P 0
L 2.2413757 2.3818897 2.2413757 2.4212598 1 P 0
L 2.2413757 2.4606297 2.2413757 2.4999998 1 P 0
L 2.2433443 2.7165351 2.2433443 2.7559052 1 P 0
L 2.2447009 2.6131889 2.2447009 2.652559 1 P 0
L 2.2527431 1.8956693 2.2527431 2.1594489 0 P 0
L 2.2598427 2.2145669 2.2992127 2.2145669 1 P 0
L 2.2602361 1.5952073 2.2602361 1.6700104 0 P 0
L 2.2618109 1.4967821 2.2618109 1.5715852 0 P 0
L 2.2618109 1.6936324 2.2618109 1.7684355 0 P 0
L 2.2653044 1.7915854 2.2653044 1.8663885 0 P 0
L 2.27549 1.3900105 2.27549 1.4805617 0 P 0
L 2.2795277 2.1948819 2.2795277 2.234252 1 P 0
L 2.3000983 1.8693415 2.3000983 1.9835147 0 P 0
L 2.3000983 1.8693415 2.3591535 1.8693415 0 P 0
L 2.3000983 1.9835147 2.3591535 1.9835147 0 P 0
L 2.3078368 2.0297746 2.3078368 2.1045777 0 P 0
L 2.3078368 2.0297746 2.4653171 2.0297746 0 P 0
L 2.3078368 2.1045777 2.4653171 2.1045777 0 P 0
L 2.3099408 1.926428 2.3493109 1.926428 1 P 0
L 2.3181473 2.4429132 2.3181473 2.5177163 0 P 0
L 2.3181474 2.3641732 2.3181474 2.4389763 0 P 0
L 2.3214725 2.5954724 2.3214725 2.6702755 0 P 0
L 2.328937 1.1874516 2.368307 1.1874516 1 P 0
L 2.3296259 1.906743 2.3296259 1.9461131 1 P 0
L 2.335864 2.6909446 2.335864 2.7814958 0 P 0
L 2.3425197 0.2362205 2.3818897 0.2362205 1 P 0
L 2.3444881 3.3090551 2.3444881 3.3838582 0 P 0
L 2.3444881 3.3090551 2.4980314 3.3090551 0 P 0
L 2.3444881 3.3838582 2.4980314 3.3838582 0 P 0
L 2.3444882 3.230315 2.3444882 3.3051181 0 P 0
L 2.3444882 3.230315 2.4980315 3.230315 0 P 0
L 2.3444882 3.3051181 2.4980315 3.3051181 0 P 0
L 2.348622 1.1677666 2.348622 1.2071367 1 P 0
L 2.3512226 2.4133856 2.3512226 2.5039368 0 P 0
L 2.3512226 2.4133856 2.536262 2.4133856 0 P 0
L 2.3512226 2.5039368 2.536262 2.5039368 0 P 0
L 2.3562994 2.1771654 2.3562994 2.2519685 0 P 0
L 2.3591535 1.8693415 2.3591535 1.9835147 0 P 0
L 2.3622047 0.2165355 2.3622047 0.2559055 1 P 0
L 2.3641731 2.5137795 2.3641731 2.5885826 0 P 0
L 2.3641731 2.5137795 2.5177164 2.5137795 0 P 0
L 2.3641731 2.5885826 2.5177164 2.5885826 0 P 0
L 2.3641732 2.6003936 2.3641732 2.6751967 0 P 0
L 2.3641732 2.6003936 2.5177165 2.6003936 0 P 0
L 2.3641732 2.6751967 2.5177165 2.6751967 0 P 0
L 2.3668919 2.0671761 2.4062619 2.0671761 1 P 0
L 2.3865769 2.0474911 2.3865769 2.0868612 1 P 0
L 2.4015748 3.2677165 2.4409448 3.2677165 1 P 0
L 2.4015748 3.3464567 2.4409448 3.3464567 1 P 0
L 2.4153543 1.777806 2.4153543 1.9982784 0 P 0
L 2.4153543 1.777806 2.7224409 1.777806 0 P 0
L 2.4153543 1.9982784 2.7224409 1.9982784 0 P 0
L 2.4212598 2.5511811 2.4606298 2.5511811 1 P 0
L 2.4212598 2.6377951 2.4606298 2.6377951 1 P 0
L 2.4212598 3.2480315 2.4212598 3.2874016 1 P 0
L 2.4212598 3.3267716 2.4212598 3.3661417 1 P 0
L 2.4240572 2.4586612 2.4634273 2.4586612 1 P 0
L 2.4240574 2.3188975 2.4634274 2.3188975 1 P 0
L 2.4409448 2.531496 2.4409448 2.5708661 1 P 0
L 2.4409448 2.6181101 2.4409448 2.6574802 1 P 0
L 2.4437423 2.4389761 2.4437423 2.4783462 1 P 0
L 2.4437424 2.2992125 2.4437424 2.3385825 1 P 0
L 2.4608267 1.0154044 2.4608267 1.3350894 0 P 0
L 2.4653171 2.0297746 2.4653171 2.1045777 0 P 0
L 2.4980314 3.3090551 2.4980314 3.3838582 0 P 0
L 2.4980315 3.230315 2.4980315 3.3051181 0 P 0
L 2.5177164 2.5137795 2.5177164 2.5885826 0 P 0
L 2.5177165 2.6003936 2.5177165 2.6751967 0 P 0
L 2.536262 2.4133856 2.536262 2.5039368 0 P 0
L 2.5452756 1.6774123 2.5452756 1.7522154 0 P 0
L 2.5452756 1.6774123 2.7027559 1.6774123 0 P 0
L 2.5452756 1.7522154 2.7027559 1.7522154 0 P 0
L 2.5492126 1.8880422 2.5885827 1.8880422 1 P 0
L 2.5551183 1.4881891 2.5551183 1.5629922 0 P 0
L 2.5551183 1.4881891 2.7086616 1.4881891 0 P 0
L 2.5551183 1.5629922 2.7086616 1.5629922 0 P 0
L 2.5688976 1.8683572 2.5688976 1.9077273 1 P 0
L 2.6043307 1.7148138 2.6437007 1.7148138 1 P 0
L 2.6122049 1.5255906 2.6515749 1.5255906 1 P 0
L 2.6240157 1.6951288 2.6240157 1.7344989 1 P 0
L 2.6318899 1.5059056 2.6318899 1.5452757 1 P 0
L 2.6771654 3.2677165 2.7165354 3.2677165 1 P 0
L 2.6801181 2.7559052 2.7194881 2.7559052 1 P 0
L 2.6968504 3.2480315 2.6968504 3.2874015 1 P 0
L 2.6998031 2.7362202 2.6998031 2.7755902 1 P 0
L 2.7027559 1.6774123 2.7027559 1.7522154 0 P 0
L 2.7086616 1.4881891 2.7086616 1.5629922 0 P 0
L 2.7224409 1.777806 2.7224409 1.9982784 0 P 0
L 2.805118 1.3781996 2.805118 1.4530027 0 P 0
L 2.805118 1.3781996 2.9625983 1.3781996 0 P 0
L 2.805118 1.4530027 2.9625983 1.4530027 0 P 0
L 2.805118 1.8703257 2.805118 1.9451288 0 P 0
L 2.805118 1.8703257 2.9625983 1.8703257 0 P 0
L 2.805118 1.9451288 2.9625983 1.9451288 0 P 0
L 2.8070865 1.6739475 2.8070865 1.7487506 0 P 0
L 2.8070865 1.6739475 2.9606298 1.6739475 0 P 0
L 2.8070865 1.7487506 2.9606298 1.7487506 0 P 0
L 2.8070865 1.7719004 2.8070865 1.8467035 0 P 0
L 2.8070865 1.7719004 2.9606298 1.7719004 0 P 0
L 2.8070865 1.8467035 2.9606298 1.8467035 0 P 0
L 2.8070865 1.9687508 2.8070865 2.0435539 0 P 0
L 2.8070865 1.9687508 2.9606298 1.9687508 0 P 0
L 2.8070865 2.0435539 2.9606298 2.0435539 0 P 0
L 2.8070866 1.4766249 2.8070866 1.551428 0 P 0
L 2.8070866 1.4766249 2.9606299 1.4766249 0 P 0
L 2.8070866 1.551428 2.9606299 1.551428 0 P 0
L 2.8070866 1.5750501 2.8070866 1.6498532 0 P 0
L 2.8070866 1.5750501 2.9606299 1.5750501 0 P 0
L 2.8070866 1.6498532 2.9606299 1.6498532 0 P 0
L 2.8267716 2.1065461 2.8267716 2.1813492 0 P 0
L 2.8267716 2.1065461 2.9803149 2.1065461 0 P 0
L 2.8267716 2.1813492 2.9803149 2.1813492 0 P 0
L 2.8267717 2.2834646 2.8661417 2.2834646 1 P 0
L 2.8287402 2.8389764 2.8287402 3.0240158 0 P 0
L 2.8287402 2.8389764 2.9192914 2.8389764 0 P 0
L 2.8287402 3.0240158 2.9192914 3.0240158 0 P 0
L 2.8464567 2.2637796 2.8464567 2.3031496 1 P 0
L 2.8543308 2.9314961 2.8937009 2.9314961 1 P 0
L 2.8641732 1.4156012 2.9035432 1.4156012 1 P 0
L 2.8641732 1.5140264 2.9035432 1.5140264 1 P 0
L 2.8641732 1.6124516 2.9035432 1.6124516 1 P 0
L 2.8641732 1.7113491 2.9035432 1.7113491 1 P 0
L 2.8641732 1.809302 2.9035432 1.809302 1 P 0
L 2.8641732 1.9077273 2.9035432 1.9077273 1 P 0
L 2.8641732 2.0061524 2.9035432 2.0061524 1 P 0
L 2.8740158 2.911811 2.8740158 2.9511811 1 P 0
L 2.8838582 1.3959161 2.8838582 1.4352862 1 P 0
L 2.8838582 1.4943414 2.8838582 1.5337115 1 P 0
L 2.8838582 1.5927666 2.8838582 1.6321367 1 P 0
L 2.8838582 1.691664 2.8838582 1.7310341 1 P 0
L 2.8838582 1.7896169 2.8838582 1.828987 1 P 0
L 2.8838582 1.8880422 2.8838582 1.9274123 1 P 0
L 2.8838582 1.9864673 2.8838582 2.0258374 1 P 0
L 2.8838583 2.1439477 2.9232283 2.1439477 1 P 0
L 2.9035433 2.1242626 2.9035433 2.1636327 1 P 0
L 2.9192914 2.8389764 2.9192914 3.0240158 0 P 0
L 2.9606298 1.6739475 2.9606298 1.7487506 0 P 0
L 2.9606298 1.7719004 2.9606298 1.8467035 0 P 0
L 2.9606298 1.9687508 2.9606298 2.0435539 0 P 0
L 2.9606299 1.4766249 2.9606299 1.551428 0 P 0
L 2.9606299 1.5750501 2.9606299 1.6498532 0 P 0
L 2.9625983 1.3781996 2.9625983 1.4530027 0 P 0
L 2.9625983 1.8703257 2.9625983 1.9451288 0 P 0
L 2.9803149 2.1065461 2.9803149 2.1813492 0 P 0
L 3.0905512 0.2362205 3.1299212 0.2362205 1 P 0
L 3.1102362 0.2165355 3.1102362 0.2559055 1 P 0
L 3.1318898 1.7913385 3.1318898 1.9488188 0 P 0
L 3.1318898 1.7913385 3.2066929 1.7913385 0 P 0
L 3.1318898 1.9488188 3.2066929 1.9488188 0 P 0
L 3.1496063 1.8700787 3.1889764 1.8700787 1 P 0
L 3.1515748 1.476378 3.1515748 1.6338583 0 P 0
L 3.1515748 1.476378 3.2263779 1.476378 0 P 0
L 3.1515748 1.6338583 3.2263779 1.6338583 0 P 0
L 3.1692913 1.5551181 3.2086614 1.5551181 1 P 0
L 3.1692913 1.8503937 3.1692913 1.8897637 1 P 0
L 3.1889764 1.5354331 3.1889764 1.5748031 1 P 0
L 3.2066929 1.7913385 3.2066929 1.9488188 0 P 0
L 3.2263779 1.476378 3.2263779 1.6338583 0 P 0
L 3.2480314 2.992126 3.2874015 2.992126 1 P 0
L 3.2677165 2.9724409 3.2677165 3.011811 1 P 0
L 3.2988188 2.5129921 3.2988188 2.7925197 0 P 0
L 3.2988188 2.5129921 3.4366141 2.5129921 0 P 0
L 3.2988188 2.7925197 3.4366141 2.7925197 0 P 0
L 3.3480314 2.6527559 3.3874015 2.6527559 1 P 0
L 3.3677165 2.6330709 3.3677165 2.672441 1 P 0
L 3.4366141 2.5129921 3.4366141 2.7925197 0 P 0
L 3.4665355 1.8326771 3.4665355 1.9862204 0 P 0
L 3.4665355 1.8326771 3.5413386 1.8326771 0 P 0
L 3.4665355 1.9862204 3.5413386 1.9862204 0 P 0
L 3.484252 1.9094488 3.5236221 1.9094488 1 P 0
L 3.484252 2.1161417 3.523622 2.1161417 1 P 0
L 3.503937 1.8897638 3.503937 1.9291338 1 P 0
L 3.503937 2.0964567 3.503937 2.1358267 1 P 0
L 3.5413386 1.8326771 3.5413386 1.9862204 0 P 0
L 3.5782284 1.727609 3.5782284 1.9894201 0 P 0
L 3.5782284 1.7276091 3.7612992 1.7276091 0 P 0
L 3.5782284 1.9894201 3.7612992 1.9894201 0 P 0
L 3.7421261 0.2165354 3.7421261 0.3740157 0 P 0
L 3.7421261 0.2165354 3.8169292 0.2165354 0 P 0
L 3.7421261 0.3740157 3.8169292 0.3740157 0 P 0
L 3.7598426 0.2952756 3.7992127 0.2952756 1 P 0
L 3.7612992 1.727609 3.7612992 1.9894201 0 P 0
L 3.7795276 0.2755906 3.7795276 0.3149606 1 P 0
L 3.8169292 0.2165354 3.8169292 0.3740157 0 P 0
L 3.8390551 1.8998532 3.8390551 1.9746563 0 P 0
L 3.8390551 1.8998532 3.9925984 1.8998532 0 P 0
L 3.8390551 1.9746563 3.9925984 1.9746563 0 P 0
L 3.8961418 1.9372548 3.9355118 1.9372548 1 P 0
L 3.9158268 1.9175697 3.9158268 1.9569398 1 P 0
L 3.9173229 0.2362205 3.9566929 0.2362205 1 P 0
L 3.9370079 0.2165355 3.9370079 0.2559055 1 P 0
L 3.9925984 1.8998532 3.9925984 1.9746563 0 P 0
>>>>>>> develop
