#Layer_Color=0
#
#Feature symbol names
#
$0 r1.9685
$1 r3.937

#
#Feature attribute names
#

#
#Layer features
#
L 1.9805118 1.0447351 1.9805118 1.3644201 0 P 0
L 1.9805118 1.0447351 2.2049212 1.0447351 0 P 0
L 1.9805118 1.3644201 2.2049212 1.3644201 0 P 0
L 2.0730315 1.1923729 2.1124015 1.1923729 1 P 0
L 2.090551 0.6970972 2.090551 0.8348925 0 P 0
L 2.090551 0.6970972 2.2992125 0.6970972 0 P 0
L 2.090551 0.8348925 2.2992125 0.8348925 0 P 0
L 2.090551 0.8545776 2.090551 0.9923729 0 P 0
L 2.090551 0.8545776 2.2992125 0.8545776 0 P 0
L 2.090551 0.9923729 2.2992125 0.9923729 0 P 0
L 2.0927165 1.1726878 2.0927165 1.2120579 1 P 0
L 2.1751967 0.7659949 2.2145668 0.7659949 1 P 0
L 2.1751967 0.9234753 2.2145668 0.9234753 1 P 0
L 2.1948817 0.7463098 2.1948817 0.7856799 1 P 0
L 2.1948817 0.9037902 2.1948817 0.9431603 1 P 0
L 2.2049212 1.0447351 2.2049212 1.3644201 0 P 0
L 2.2364173 1.0154044 2.2364173 1.3350894 0 P 0
L 2.2364173 1.0154044 2.4608267 1.0154044 0 P 0
L 2.2364173 1.3350894 2.4608267 1.3350894 0 P 0
L 2.2992125 0.6970972 2.2992125 0.8348925 0 P 0
L 2.2992125 0.8545776 2.2992125 0.9923729 0 P 0
L 2.328937 1.1874516 2.368307 1.1874516 1 P 0
L 2.348622 1.1677666 2.348622 1.2071367 1 P 0
L 2.3523622 1.6419792 2.3523622 2.1281997 0 P 0
L 2.3523622 1.6419792 2.785433 1.6419792 0 P 0
L 2.3523622 2.1281997 2.785433 2.1281997 0 P 0
L 2.4608267 1.0154044 2.4608267 1.3350894 0 P 0
L 2.5059055 0.9773623 2.6318897 0.9773623 0 P 0
L 2.5059056 0.9773623 2.5059056 1.2411419 0 P 0
L 2.5059057 1.2411419 2.6318899 1.2411419 0 P 0
L 2.5492125 1.8880422 2.5885826 1.8880422 1 P 0
L 2.5492126 1.1092521 2.5885827 1.1092521 1 P 0
L 2.5688976 1.089567 2.5688976 1.1289371 1 P 0
L 2.5688976 1.8683572 2.5688976 1.9077273 1 P 0
L 2.6318898 0.9773623 2.6318898 1.2411419 0 P 0
L 2.6496063 1.0338985 2.6496063 1.1913788 0 P 0
L 2.6496063 1.0338985 2.7244094 1.0338985 0 P 0
L 2.6496063 1.1913788 2.7244094 1.1913788 0 P 0
L 2.6673228 1.1126386 2.7066929 1.1126386 1 P 0
L 2.6870078 1.0929536 2.6870078 1.1323236 1 P 0
L 2.7244094 1.0338985 2.7244094 1.1913788 0 P 0
L 2.7677165 1.2994595 2.7677165 1.3742626 0 P 0
L 2.7677165 1.2994595 2.9212598 1.2994595 0 P 0
L 2.7677165 1.3742626 2.9212598 1.3742626 0 P 0
L 2.785433 1.6419792 2.785433 2.1281997 0 P 0
L 2.8248031 1.3368611 2.8641731 1.3368611 1 P 0
L 2.8444881 1.317176 2.8444881 1.3565461 1 P 0
L 2.9212598 1.2994595 2.9212598 1.3742626 0 P 0
L 2.9846848 1.3129921 2.9846848 1.4822835 0 P 0
L 2.9846848 1.3129921 3.110669 1.3129921 0 P 0
L 2.9846848 1.4822835 3.110669 1.4822835 0 P 0
L 3.0279919 1.3976378 3.067362 1.3976378 1 P 0
L 3.0476769 1.3779528 3.0476769 1.4173228 1 P 0
L 3.110669 1.3129921 3.110669 1.4822835 0 P 0
L 3.1161418 1.3129921 3.1161418 1.4822835 0 P 0
L 3.1161418 1.3129921 3.242126 1.3129921 0 P 0
L 3.1161418 1.4822835 3.242126 1.4822835 0 P 0
L 3.1594489 1.3976378 3.198819 1.3976378 1 P 0
L 3.1791339 1.3779528 3.1791339 1.4173228 1 P 0
L 3.242126 1.3129921 3.242126 1.4822835 0 P 0
L 3.3031462 1.1614162 3.3031462 1.5196839 0 P 0
L 3.3031462 1.1614162 3.5039336 1.1614162 0 P 0
L 3.3031462 1.5196839 3.5039336 1.5196839 0 P 0
L 3.3838548 1.3405501 3.4232249 1.3405501 1 P 0
L 3.4035399 1.320865 3.4035399 1.3602351 1 P 0
L 3.5039336 1.1614162 3.5039336 1.5196839 0 P 0
L 3.5787371 1.1614162 3.5787371 1.5196839 0 P 0
L 3.5787371 1.1614162 3.7795245 1.1614162 0 P 0
L 3.5787371 1.5196839 3.7795245 1.5196839 0 P 0
L 3.6594457 1.3405501 3.6988158 1.3405501 1 P 0
L 3.6791308 1.320865 3.6791308 1.3602351 1 P 0
L 3.7795245 1.1614162 3.7795245 1.5196839 0 P 0
